$ ATMOSPHERE PROFILE
                   0                             0                                1 0   98   02   00
              0   89.5200    2         0   0.00000                                                                                                                          0.162822 2046.2270
           1  01.000
 0 31    7
 1000.0000  260.5865                       1013.361 259.58        987.500 260.61
 1.967e-03 3.800e-04 4.165e-08 3.230e-07 1.500e-07 1.797e-06 2.090e-01 4.331e+23
  975.0000  260.6367                                              962.500 260.47
 2.013e-03 3.800e-04 4.361e-08 3.230e-07 1.500e-07 1.797e-06 2.090e-01 4.186e+23
  950.0000  260.3016                                              937.500 260.14
 1.968e-03 3.800e-04 4.436e-08 3.230e-07 1.500e-07 1.797e-06 2.090e-01 4.187e+23
  925.0000  259.9837                                              912.500 259.82
 1.893e-03 3.800e-04 4.478e-08 3.230e-07 1.500e-07 1.797e-06 2.090e-01 4.187e+23
  900.0000  259.6554                                              887.500 259.46
 1.798e-03 3.800e-04 4.502e-08 3.230e-07 1.500e-07 1.797e-06 2.090e-01 4.187e+23
  875.0000  259.2587                                              862.500 259.01
 1.672e-03 3.800e-04 4.528e-08 3.230e-07 1.500e-07 1.797e-06 2.090e-01 4.187e+23
  850.0000  258.7643                                              837.500 258.45
 1.564e-03 3.800e-04 4.553e-08 3.230e-07 1.500e-07 1.797e-06 2.090e-01 4.188e+23
  825.0000  258.1244                                              812.500 257.77
 1.464e-03 3.800e-04 4.577e-08 3.230e-07 1.500e-07 1.797e-06 2.090e-01 4.188e+23
  800.0000  257.4190                                              787.500 256.99
 1.363e-03 3.800e-04 4.603e-08 3.230e-07 1.500e-07 1.797e-06 2.090e-01 4.188e+23
  775.0000  256.5484                                              762.500 256.06
 1.257e-03 3.800e-04 4.629e-08 3.230e-07 1.500e-07 1.797e-06 2.090e-01 4.188e+23
  750.0000  255.5542                                              725.000 254.41
 1.168e-03 3.800e-04 4.653e-08 3.230e-07 1.500e-07 1.797e-06 2.090e-01 6.283e+23
  700.0000  253.2188                                              675.000 251.78
 9.643e-04 3.800e-04 4.696e-08 3.230e-07 1.500e-07 1.797e-06 2.090e-01 8.378e+23
  650.0000  250.2908                                              625.000 248.60
 7.749e-04 3.800e-04 4.750e-08 3.230e-07 1.500e-07 1.797e-06 2.090e-01 8.379e+23
  600.0000  246.8377                                              575.000 244.94
 6.022e-04 3.800e-04 4.813e-08 3.230e-07 1.500e-07 1.797e-06 2.090e-01 8.380e+23
  550.0000  242.9650                                              525.000 240.84
 4.338e-04 3.800e-04 4.887e-08 3.230e-07 1.500e-07 1.797e-06 2.090e-01 8.381e+23
  500.0000  238.6015                                              475.000 236.27
 3.042e-04 3.800e-04 5.013e-08 3.230e-07 1.500e-07 1.797e-06 2.090e-01 8.382e+23
  450.0000  233.8047                                              425.000 231.23
 2.009e-04 3.800e-04 5.244e-08 3.230e-07 1.500e-07 1.797e-06 2.090e-01 8.382e+23
  400.0000  228.4975                                              375.000 225.80
 1.244e-04 3.800e-04 5.734e-08 3.230e-07 1.500e-07 1.797e-06 2.090e-01 8.383e+23
  350.0000  222.9143                                              325.000 220.54
 7.352e-05 3.800e-04 7.030e-08 3.230e-07 1.500e-07 1.797e-06 2.090e-01 8.383e+23
  300.0000  217.9788                                              275.000 217.23
 4.246e-05 3.800e-04 1.050e-07 3.230e-07 1.500e-07 1.797e-06 2.090e-01 8.383e+23
  250.0000  216.4193                                              237.500 216.88
 2.474e-05 3.800e-04 1.795e-07 3.230e-07 1.500e-07 1.797e-06 2.090e-01 6.287e+23
  225.0000  217.3580                                              212.500 217.92
 1.742e-05 3.800e-04 2.259e-07 3.230e-07 1.500e-07 1.797e-06 2.090e-01 4.192e+23
  200.0000  218.5219                                              187.500 218.89
 1.139e-05 3.800e-04 2.754e-07 3.230e-07 1.500e-07 1.797e-06 2.090e-01 4.192e+23
  175.0000  219.2885                                              162.500 219.35
 7.280e-06 3.800e-04 3.402e-07 3.230e-07 1.500e-07 1.797e-06 2.090e-01 4.192e+23
  150.0000  219.4223                                              137.500 219.30
 5.974e-06 3.800e-04 4.573e-07 3.230e-07 1.500e-07 1.797e-06 2.090e-01 4.192e+23
  125.0000  219.1582                                              112.500 218.85
 5.788e-06 3.800e-04 6.913e-07 3.230e-07 1.500e-07 1.797e-06 2.090e-01 4.192e+23
  100.0000  218.5115                                               85.000 217.83
 6.109e-06 3.800e-04 1.083e-06 3.230e-07 1.500e-07 1.797e-06 2.090e-01 4.611e+23
   70.0000  217.0171                                               60.000 216.42
 7.019e-06 3.800e-04 1.829e-06 3.230e-07 1.500e-07 1.797e-06 2.090e-01 4.192e+23
   50.0000  215.7172                                               40.000 214.99
 8.549e-06 3.800e-04 2.593e-06 3.230e-07 1.500e-07 1.797e-06 2.090e-01 3.353e+23
   30.0000  214.0529                                               25.000 213.81
 1.173e-05 3.800e-04 3.573e-06 3.230e-07 1.500e-07 1.797e-06 2.090e-01 2.515e+23
   20.0000  213.5138                                               15.000 210.11
 1.588e-05 3.800e-04 3.817e-06 3.230e-07 1.500e-07 1.797e-06 2.090e-01 1.677e+23
%%%%%