

 Wavenumbers:   820. - 50000. cm-1, ATM      1
 LEVEL PRESSURE   UPWARD FLUX   DIFDOWN FLUX  DIRDOWN FLUX  DOWNWARD FLUX   NET FLUX    HEATING RATE
          mb          W/m2          W/m2          W/m2        W/m2          W/m2       degree/day
  31     15.00        6.0882        0.0000       11.2235       11.2235       5.135227       0.00000
  30     25.00        5.6187        0.4818        9.1450        9.6268       4.008153       0.95115
  29     40.00        5.1987        0.9129        7.5540        8.4669       3.268186       0.41631
  28     60.00        4.8742        1.2452        6.4468        7.6920       2.817888       0.19001
  27     85.00        4.6360        1.4882        5.6905        7.1788       2.542818       0.09285
  26     112.5        4.4690        1.6581        5.1495        6.8076       2.338627       0.06266
  25     137.5        4.3593        1.7690        4.8123        6.5812       2.221918       0.03940
  24     162.5        4.2712        1.8576        4.5489        6.4065       2.135284       0.02924
  23     187.5        4.1964        1.9326        4.3236        6.2562       2.059817       0.02548
  22     212.5        4.1305        1.9984        4.1144        6.1128       1.982280       0.02617
  21     237.5        4.0712        2.0574        3.9145        5.9719       1.900677       0.02755
  20     275.0        3.9915        2.1365        3.6359        5.7724       1.780898       0.02696
  19     325.0        3.8980        2.2288        3.2832        5.5119       1.613900       0.02819
  18     375.0        3.8164        2.3089        2.9498        5.2587       1.442280       0.02897
  17     425.0        3.7447        2.3788        2.6363        5.0152       1.270449       0.02900
  16     475.0        3.6822        2.4395        2.3491        4.7886       1.106451       0.02768
  15     525.0        3.6281        2.4919        2.0906        4.5825       0.954394       0.02566
  14     575.0        0.0129        0.2530        0.0000        0.2530       0.240130       0.12056
  13     625.0        0.0114        0.2513        0.0000        0.2513       0.239924       0.00003
  12     675.0        0.0099        0.2496        0.0000        0.2496       0.239677       0.00004
  11     725.0        0.0085        0.2479        0.0000        0.2479       0.239387       0.00005
  10     762.5        0.0074        0.2465        0.0000        0.2465       0.239135       0.00006
   9     787.5        0.0066        0.2456        0.0000        0.2456       0.238959       0.00006
   8     812.5        0.0059        0.2447        0.0000        0.2447       0.238774       0.00006
   7     837.5        0.0052        0.2437        0.0000        0.2437       0.238580       0.00007
   6     862.5        0.0044        0.2428        0.0000        0.2428       0.238377       0.00007
   5     887.5        0.0037        0.2419        0.0000        0.2419       0.238166       0.00007
   4     912.5        0.0030        0.2409        0.0000        0.2409       0.237944       0.00007
   3     937.5        0.0022        0.2399        0.0000        0.2399       0.237717       0.00008
   2     962.5        0.0015        0.2390        0.0000        0.2390       0.237485       0.00008
   1     987.5        0.0008        0.2380        0.0000        0.2380       0.237253       0.00008
   0    1013.4        0.0000        0.2370        0.0000        0.2370       0.237023       0.00008



 Wavenumbers:  2600. -  3250. cm-1, ATM      1
 LEVEL PRESSURE   UPWARD FLUX   DIFDOWN FLUX  DIRDOWN FLUX  DOWNWARD FLUX   NET FLUX    HEATING RATE
          mb          W/m2          W/m2          W/m2        W/m2          W/m2       degree/day
  31     15.00        0.0025        0.0000        0.0998        0.0998       0.097252       0.00000
  30     25.00        0.0025        0.0000        0.0929        0.0929       0.090362       0.00581
  29     40.00        0.0025        0.0000        0.0899        0.0899       0.087391       0.00167
  28     60.00        0.0025        0.0000        0.0865        0.0865       0.084005       0.00143
  27     85.00        0.0025        0.0000        0.0825        0.0825       0.080042       0.00134
  26     112.5        0.0025        0.0000        0.0784        0.0784       0.075908       0.00127
  25     137.5        0.0025        0.0000        0.0750        0.0750       0.072504       0.00115
  24     162.5        0.0025        0.0000        0.0718        0.0719       0.069392       0.00105
  23     187.5        0.0025        0.0001        0.0689        0.0690       0.066511       0.00097
  22     212.5        0.0025        0.0001        0.0661        0.0662       0.063729       0.00094
  21     237.5        0.0025        0.0001        0.0634        0.0634       0.060957       0.00094
  20     275.0        0.0025        0.0001        0.0592        0.0593       0.056860       0.00092
  19     325.0        0.0025        0.0001        0.0533        0.0533       0.050892       0.00101
  18     375.0        0.0024        0.0001        0.0468        0.0469       0.044446       0.00109
  17     425.0        0.0024        0.0001        0.0404        0.0405       0.038071       0.00108
  16     475.0        0.0024        0.0001        0.0343        0.0344       0.031937       0.00104
  15     525.0        0.0024        0.0001        0.0286        0.0287       0.026246       0.00096
  14     575.0        0.0000        0.0000        0.0000        0.0000       0.000000       0.00443
  13     625.0        0.0000        0.0000        0.0000        0.0000       0.000000       0.00000
  12     675.0        0.0000        0.0000        0.0000        0.0000       0.000000       0.00000
  11     725.0        0.0000        0.0000        0.0000        0.0000       0.000000       0.00000
  10     762.5        0.0000        0.0000        0.0000        0.0000       0.000000       0.00000
   9     787.5        0.0000        0.0000        0.0000        0.0000       0.000000       0.00000
   8     812.5        0.0000        0.0000        0.0000        0.0000       0.000000       0.00000
   7     837.5        0.0000        0.0000        0.0000        0.0000       0.000000       0.00000
   6     862.5        0.0000        0.0000        0.0000        0.0000       0.000000       0.00000
   5     887.5        0.0000        0.0000        0.0000        0.0000       0.000000       0.00000
   4     912.5        0.0000        0.0000        0.0000        0.0000       0.000000       0.00000
   3     937.5        0.0000        0.0000        0.0000        0.0000       0.000000       0.00000
   2     962.5        0.0000        0.0000        0.0000        0.0000       0.000000       0.00000
   1     987.5        0.0000        0.0000        0.0000        0.0000       0.000000       0.00000
   0    1013.4        0.0000        0.0000        0.0000        0.0000       0.000000       0.00000



 Wavenumbers:  3250. -  4000. cm-1, ATM      1
 LEVEL PRESSURE   UPWARD FLUX   DIFDOWN FLUX  DIRDOWN FLUX  DOWNWARD FLUX   NET FLUX    HEATING RATE
          mb          W/m2          W/m2          W/m2        W/m2          W/m2       degree/day
  31     15.00        0.0007        0.0000        0.1685        0.1685       0.167774       0.00000
  30     25.00        0.0007        0.0000        0.1272        0.1273       0.126571       0.03477
  29     40.00        0.0007        0.0000        0.1123        0.1123       0.111662       0.00839
  28     60.00        0.0006        0.0000        0.1042        0.1043       0.103622       0.00339
  27     85.00        0.0006        0.0001        0.0978        0.0978       0.097204       0.00217
  26     112.5        0.0006        0.0001        0.0903        0.0903       0.089745       0.00229
  25     137.5        0.0006        0.0001        0.0847        0.0848       0.084182       0.00188
  24     162.5        0.0006        0.0001        0.0797        0.0798       0.079269       0.00166
  23     187.5        0.0005        0.0001        0.0747        0.0748       0.074266       0.00169
  22     212.5        0.0005        0.0002        0.0684        0.0686       0.068021       0.00211
  21     237.5        0.0005        0.0002        0.0613        0.0615       0.060933       0.00239
  20     275.0        0.0005        0.0002        0.0521        0.0523       0.051750       0.00207
  19     325.0        0.0005        0.0002        0.0410        0.0412       0.040687       0.00187
  18     375.0        0.0005        0.0002        0.0313        0.0316       0.031088       0.00162
  17     425.0        0.0005        0.0002        0.0224        0.0226       0.022135       0.00151
  16     475.0        0.0005        0.0002        0.0145        0.0147       0.014217       0.00134
  15     525.0        0.0005        0.0002        0.0084        0.0086       0.008153       0.00102
  14     575.0        0.0000        0.0000        0.0000        0.0000       0.000000       0.00138
  13     625.0        0.0000        0.0000        0.0000        0.0000       0.000000       0.00000
  12     675.0        0.0000        0.0000        0.0000        0.0000       0.000000       0.00000
  11     725.0        0.0000        0.0000        0.0000        0.0000       0.000000       0.00000
  10     762.5        0.0000        0.0000        0.0000        0.0000       0.000000       0.00000
   9     787.5        0.0000        0.0000        0.0000        0.0000       0.000000       0.00000
   8     812.5        0.0000        0.0000        0.0000        0.0000       0.000000       0.00000
   7     837.5        0.0000        0.0000        0.0000        0.0000       0.000000       0.00000
   6     862.5        0.0000        0.0000        0.0000        0.0000       0.000000       0.00000
   5     887.5        0.0000        0.0000        0.0000        0.0000       0.000000       0.00000
   4     912.5        0.0000        0.0000        0.0000        0.0000       0.000000       0.00000
   3     937.5        0.0000        0.0000        0.0000        0.0000       0.000000       0.00000
   2     962.5        0.0000        0.0000        0.0000        0.0000       0.000000       0.00000
   1     987.5        0.0000        0.0000        0.0000        0.0000       0.000000       0.00000
   0    1013.4        0.0000        0.0000        0.0000        0.0000       0.000000       0.00000



 Wavenumbers:  4000. -  4650. cm-1, ATM      1
 LEVEL PRESSURE   UPWARD FLUX   DIFDOWN FLUX  DIRDOWN FLUX  DOWNWARD FLUX   NET FLUX    HEATING RATE
          mb          W/m2          W/m2          W/m2        W/m2          W/m2       degree/day
  31     15.00        0.0350        0.0000        0.1981        0.1981       0.163101       0.00000
  30     25.00        0.0349        0.0000        0.1919        0.1919       0.156960       0.00518
  29     40.00        0.0349        0.0001        0.1866        0.1867       0.151776       0.00292
  28     60.00        0.0348        0.0001        0.1817        0.1818       0.147003       0.00201
  27     85.00        0.0348        0.0002        0.1767        0.1769       0.142181       0.00163
  26     112.5        0.0347        0.0003        0.1711        0.1715       0.136780       0.00166
  25     137.5        0.0346        0.0004        0.1663        0.1667       0.132080       0.00159
  24     162.5        0.0345        0.0005        0.1616        0.1621       0.127561       0.00153
  23     187.5        0.0345        0.0005        0.1571        0.1577       0.123196       0.00147
  22     212.5        0.0344        0.0006        0.1527        0.1533       0.118877       0.00146
  21     237.5        0.0344        0.0007        0.1483        0.1490       0.114646       0.00143
  20     275.0        0.0343        0.0008        0.1421        0.1428       0.108564       0.00137
  19     325.0        0.0342        0.0009        0.1337        0.1346       0.100410       0.00138
  18     375.0        0.0341        0.0010        0.1252        0.1262       0.092123       0.00140
  17     425.0        0.0340        0.0011        0.1164        0.1175       0.083452       0.00146
  16     475.0        0.0339        0.0012        0.1071        0.1083       0.074392       0.00153
  15     525.0        0.0339        0.0013        0.0979        0.0991       0.065233       0.00155
  14     575.0        0.0000        0.0000        0.0000        0.0000       0.000000       0.01101
  13     625.0        0.0000        0.0000        0.0000        0.0000       0.000000       0.00000
  12     675.0        0.0000        0.0000        0.0000        0.0000       0.000000       0.00000
  11     725.0        0.0000        0.0000        0.0000        0.0000       0.000000       0.00000
  10     762.5        0.0000        0.0000        0.0000        0.0000       0.000000       0.00000
   9     787.5        0.0000        0.0000        0.0000        0.0000       0.000000       0.00000
   8     812.5        0.0000        0.0000        0.0000        0.0000       0.000000       0.00000
   7     837.5        0.0000        0.0000        0.0000        0.0000       0.000000       0.00000
   6     862.5        0.0000        0.0000        0.0000        0.0000       0.000000       0.00000
   5     887.5        0.0000        0.0000        0.0000        0.0000       0.000000       0.00000
   4     912.5        0.0000        0.0000        0.0000        0.0000       0.000000       0.00000
   3     937.5        0.0000        0.0000        0.0000        0.0000       0.000000       0.00000
   2     962.5        0.0000        0.0000        0.0000        0.0000       0.000000       0.00000
   1     987.5        0.0000        0.0000        0.0000        0.0000       0.000000       0.00000
   0    1013.4        0.0000        0.0000        0.0000        0.0000       0.000000       0.00000



 Wavenumbers:  4650. -  5150. cm-1, ATM      1
 LEVEL PRESSURE   UPWARD FLUX   DIFDOWN FLUX  DIRDOWN FLUX  DOWNWARD FLUX   NET FLUX    HEATING RATE
          mb          W/m2          W/m2          W/m2        W/m2          W/m2       degree/day
  31     15.00        0.0205        0.0000        0.1880        0.1880       0.167458       0.00000
  30     25.00        0.0205        0.0001        0.1732        0.1732       0.152725       0.01243
  29     40.00        0.0204        0.0001        0.1657        0.1658       0.145408       0.00412
  28     60.00        0.0203        0.0002        0.1546        0.1549       0.134550       0.00458
  27     85.00        0.0202        0.0003        0.1424        0.1427       0.122497       0.00407
  26     112.5        0.0201        0.0004        0.1311        0.1315       0.111445       0.00339
  25     137.5        0.0200        0.0005        0.1230        0.1235       0.103473       0.00269
  24     162.5        0.0199        0.0006        0.1159        0.1165       0.096606       0.00232
  23     187.5        0.0199        0.0007        0.1096        0.1103       0.090478       0.00207
  22     212.5        0.0198        0.0008        0.1040        0.1047       0.084965       0.00186
  21     237.5        0.0197        0.0008        0.0989        0.0998       0.080058       0.00166
  20     275.0        0.0196        0.0009        0.0925        0.0935       0.073841       0.00140
  19     325.0        0.0195        0.0011        0.0853        0.0863       0.066838       0.00118
  18     375.0        0.0194        0.0012        0.0791        0.0802       0.060836       0.00101
  17     425.0        0.0193        0.0013        0.0733        0.0746       0.055281       0.00094
  16     475.0        0.0192        0.0014        0.0677        0.0691       0.049849       0.00092
  15     525.0        0.0191        0.0015        0.0622        0.0636       0.044475       0.00091
  14     575.0        0.0000        0.0000        0.0000        0.0000       0.000000       0.00751
  13     625.0        0.0000        0.0000        0.0000        0.0000       0.000000       0.00000
  12     675.0        0.0000        0.0000        0.0000        0.0000       0.000000       0.00000
  11     725.0        0.0000        0.0000        0.0000        0.0000       0.000000       0.00000
  10     762.5        0.0000        0.0000        0.0000        0.0000       0.000000       0.00000
   9     787.5        0.0000        0.0000        0.0000        0.0000       0.000000       0.00000
   8     812.5        0.0000        0.0000        0.0000        0.0000       0.000000       0.00000
   7     837.5        0.0000        0.0000        0.0000        0.0000       0.000000       0.00000
   6     862.5        0.0000        0.0000        0.0000        0.0000       0.000000       0.00000
   5     887.5        0.0000        0.0000        0.0000        0.0000       0.000000       0.00000
   4     912.5        0.0000        0.0000        0.0000        0.0000       0.000000       0.00000
   3     937.5        0.0000        0.0000        0.0000        0.0000       0.000000       0.00000
   2     962.5        0.0000        0.0000        0.0000        0.0000       0.000000       0.00000
   1     987.5        0.0000        0.0000        0.0000        0.0000       0.000000       0.00000
   0    1013.4        0.0000        0.0000        0.0000        0.0000       0.000000       0.00000



 Wavenumbers:  5150. -  6150. cm-1, ATM      1
 LEVEL PRESSURE   UPWARD FLUX   DIFDOWN FLUX  DIRDOWN FLUX  DOWNWARD FLUX   NET FLUX    HEATING RATE
          mb          W/m2          W/m2          W/m2        W/m2          W/m2       degree/day
  31     15.00        0.1062        0.0000        0.4719        0.4719       0.365690       0.00000
  30     25.00        0.1060        0.0002        0.4579        0.4582       0.352170       0.01141
  29     40.00        0.1057        0.0006        0.4465        0.4471       0.341434       0.00604
  28     60.00        0.1052        0.0011        0.4335        0.4346       0.329332       0.00511
  27     85.00        0.1047        0.0016        0.4199        0.4215       0.316795       0.00423
  26     112.5        0.1041        0.0022        0.4065        0.4087       0.304603       0.00374
  25     137.5        0.1036        0.0027        0.3953        0.3981       0.294438       0.00343
  24     162.5        0.1031        0.0032        0.3845        0.3878       0.284617       0.00332
  23     187.5        0.1027        0.0037        0.3732        0.3769       0.274246       0.00350
  22     212.5        0.1022        0.0042        0.3597        0.3639       0.261647       0.00425
  21     237.5        0.1018        0.0047        0.3438        0.3484       0.246628       0.00507
  20     275.0        0.1012        0.0053        0.3190        0.3243       0.223097       0.00530
  19     325.0        0.1004        0.0060        0.2836        0.2897       0.189220       0.00572
  18     375.0        0.0998        0.0067        0.2500        0.2567       0.156879       0.00546
  17     425.0        0.0993        0.0072        0.2218        0.2290       0.129761       0.00458
  16     475.0        0.0988        0.0076        0.2012        0.2088       0.110007       0.00333
  15     525.0        0.0984        0.0080        0.1875        0.1954       0.097004       0.00219
  14     575.0        0.0000        0.0000        0.0000        0.0000       0.000000       0.01637
  13     625.0        0.0000        0.0000        0.0000        0.0000       0.000000       0.00000
  12     675.0        0.0000        0.0000        0.0000        0.0000       0.000000       0.00000
  11     725.0        0.0000        0.0000        0.0000        0.0000       0.000000       0.00000
  10     762.5        0.0000        0.0000        0.0000        0.0000       0.000000       0.00000
   9     787.5        0.0000        0.0000        0.0000        0.0000       0.000000       0.00000
   8     812.5        0.0000        0.0000        0.0000        0.0000       0.000000       0.00000
   7     837.5        0.0000        0.0000        0.0000        0.0000       0.000000       0.00000
   6     862.5        0.0000        0.0000        0.0000        0.0000       0.000000       0.00000
   5     887.5        0.0000        0.0000        0.0000        0.0000       0.000000       0.00000
   4     912.5        0.0000        0.0000        0.0000        0.0000       0.000000       0.00000
   3     937.5        0.0000        0.0000        0.0000        0.0000       0.000000       0.00000
   2     962.5        0.0000        0.0000        0.0000        0.0000       0.000000       0.00000
   1     987.5        0.0000        0.0000        0.0000        0.0000       0.000000       0.00000
   0    1013.4        0.0000        0.0000        0.0000        0.0000       0.000000       0.00000



 Wavenumbers:  6150. -  7700. cm-1, ATM      1
 LEVEL PRESSURE   UPWARD FLUX   DIFDOWN FLUX  DIRDOWN FLUX  DOWNWARD FLUX   NET FLUX    HEATING RATE
          mb          W/m2          W/m2          W/m2        W/m2          W/m2       degree/day
  31     15.00        0.2734        0.0000        0.8687        0.8687       0.595373       0.00000
  30     25.00        0.2724        0.0010        0.8461        0.8472       0.574803       0.01736
  29     40.00        0.2709        0.0025        0.8302        0.8327       0.561871       0.00728
  28     60.00        0.2689        0.0045        0.8121        0.8166       0.547649       0.00600
  27     85.00        0.2666        0.0069        0.7933        0.8002       0.533625       0.00473
  26     112.5        0.2640        0.0095        0.7746        0.7841       0.520064       0.00416
  25     137.5        0.2617        0.0117        0.7590        0.7708       0.509050       0.00372
  24     162.5        0.2595        0.0140        0.7437        0.7577       0.498147       0.00368
  23     187.5        0.2573        0.0162        0.7271        0.7433       0.485930       0.00412
  22     212.5        0.2552        0.0183        0.7064        0.7247       0.469496       0.00555
  21     237.5        0.2532        0.0204        0.6823        0.7027       0.449492       0.00675
  20     275.0        0.2503        0.0233        0.6445        0.6678       0.417492       0.00720
  19     325.0        0.2467        0.0269        0.5887        0.6156       0.368867       0.00821
  18     375.0        0.2435        0.0300        0.5315        0.5615       0.318008       0.00858
  17     425.0        0.2407        0.0327        0.4763        0.5091       0.268386       0.00838
  16     475.0        0.2383        0.0350        0.4263        0.4613       0.222950       0.00767
  15     525.0        0.2364        0.0368        0.3824        0.4192       0.182841       0.00677
  14     575.0        0.0000        0.0000        0.0000        0.0000       0.000003       0.03086
  13     625.0        0.0000        0.0000        0.0000        0.0000       0.000003       0.00000
  12     675.0        0.0000        0.0000        0.0000        0.0000       0.000003       0.00000
  11     725.0        0.0000        0.0000        0.0000        0.0000       0.000003       0.00000
  10     762.5        0.0000        0.0000        0.0000        0.0000       0.000003       0.00000
   9     787.5        0.0000        0.0000        0.0000        0.0000       0.000003       0.00000
   8     812.5        0.0000        0.0000        0.0000        0.0000       0.000003       0.00000
   7     837.5        0.0000        0.0000        0.0000        0.0000       0.000003       0.00000
   6     862.5        0.0000        0.0000        0.0000        0.0000       0.000003       0.00000
   5     887.5        0.0000        0.0000        0.0000        0.0000       0.000003       0.00000
   4     912.5        0.0000        0.0000        0.0000        0.0000       0.000003       0.00000
   3     937.5        0.0000        0.0000        0.0000        0.0000       0.000003       0.00000
   2     962.5        0.0000        0.0000        0.0000        0.0000       0.000003       0.00000
   1     987.5        0.0000        0.0000        0.0000        0.0000       0.000003       0.00000
   0    1013.4        0.0000        0.0000        0.0000        0.0000       0.000003       0.00000



 Wavenumbers:  7700. -  8050. cm-1, ATM      1
 LEVEL PRESSURE   UPWARD FLUX   DIFDOWN FLUX  DIRDOWN FLUX  DOWNWARD FLUX   NET FLUX    HEATING RATE
          mb          W/m2          W/m2          W/m2        W/m2          W/m2       degree/day
  31     15.00        0.0283        0.0000        0.2048        0.2048       0.176514       0.00000
  30     25.00        0.0279        0.0004        0.1913        0.1917       0.163748       0.01077
  29     40.00        0.0274        0.0009        0.1775        0.1784       0.150985       0.00718
  28     60.00        0.0268        0.0016        0.1635        0.1651       0.138332       0.00534
  27     85.00        0.0260        0.0023        0.1486        0.1510       0.124910       0.00453
  26     112.5        0.0253        0.0031        0.1339        0.1370       0.111659       0.00407
  25     137.5        0.0247        0.0037        0.1217        0.1254       0.100692       0.00370
  24     162.5        0.0242        0.0043        0.1106        0.1149       0.090638       0.00339
  23     187.5        0.0237        0.0048        0.1004        0.1052       0.081460       0.00310
  22     212.5        0.0233        0.0052        0.0911        0.0964       0.073053       0.00284
  21     237.5        0.0229        0.0057        0.0826        0.0883       0.065358       0.00260
  20     275.0        0.0224        0.0062        0.0713        0.0775       0.055082       0.00231
  19     325.0        0.0218        0.0068        0.0584        0.0652       0.043372       0.00198
  18     375.0        0.0214        0.0073        0.0477        0.0550       0.033626       0.00165
  17     425.0        0.0210        0.0077        0.0389        0.0466       0.025519       0.00137
  16     475.0        0.0208        0.0080        0.0315        0.0396       0.018796       0.00113
  15     525.0        0.0206        0.0083        0.0255        0.0338       0.013225       0.00094
  14     575.0        0.0000        0.0000        0.0000        0.0000       0.000006       0.00223
  13     625.0        0.0000        0.0000        0.0000        0.0000       0.000006       0.00000
  12     675.0        0.0000        0.0000        0.0000        0.0000       0.000006       0.00000
  11     725.0        0.0000        0.0000        0.0000        0.0000       0.000006       0.00000
  10     762.5        0.0000        0.0000        0.0000        0.0000       0.000006       0.00000
   9     787.5        0.0000        0.0000        0.0000        0.0000       0.000006       0.00000
   8     812.5        0.0000        0.0000        0.0000        0.0000       0.000006       0.00000
   7     837.5        0.0000        0.0000        0.0000        0.0000       0.000006       0.00000
   6     862.5        0.0000        0.0000        0.0000        0.0000       0.000006       0.00000
   5     887.5        0.0000        0.0000        0.0000        0.0000       0.000006       0.00000
   4     912.5        0.0000        0.0000        0.0000        0.0000       0.000006       0.00000
   3     937.5        0.0000        0.0000        0.0000        0.0000       0.000006       0.00000
   2     962.5        0.0000        0.0000        0.0000        0.0000       0.000006       0.00000
   1     987.5        0.0000        0.0000        0.0000        0.0000       0.000006       0.00000
   0    1013.4        0.0000        0.0000        0.0000        0.0000       0.000006       0.00000



 Wavenumbers:  8050. - 12850. cm-1, ATM      1
 LEVEL PRESSURE   UPWARD FLUX   DIFDOWN FLUX  DIRDOWN FLUX  DOWNWARD FLUX   NET FLUX    HEATING RATE
          mb          W/m2          W/m2          W/m2        W/m2          W/m2       degree/day
  31     15.00        2.2421        0.0000        2.8533        2.8533       0.611144       0.00000
  30     25.00        2.2233        0.0192        2.8152        2.8344       0.611144      -0.00000
  29     40.00        2.1955        0.0476        2.7590        2.8066       0.611144      -0.00000
  28     60.00        2.1593        0.0845        2.6860        2.7705       0.611144       0.00000
  27     85.00        2.1155        0.1292        2.5974        2.7266       0.611144       0.00000
  26     112.5        2.0690        0.1766        2.4920        2.6686       0.599570       0.00355
  25     137.5        2.0284        0.2180        2.4037        2.6217       0.593319       0.00211
  24     162.5        1.9892        0.2580        2.3195        2.5775       0.588311       0.00169
  23     187.5        1.9514        0.2966        2.2379        2.5345       0.583130       0.00175
  22     212.5        1.9149        0.3338        2.1572        2.4910       0.576091       0.00238
  21     237.5        1.8797        0.3696        2.0766        2.4462       0.566496       0.00324
  20     275.0        1.8295        0.4208        1.9576        2.3784       0.548881       0.00396
  19     325.0        1.7671        0.4843        1.7992        2.2835       0.516386       0.00548
  18     375.0        1.7100        0.5425        1.6412        2.1837       0.473741       0.00720
  17     425.0        1.6580        0.5954        1.4839        2.0793       0.421232       0.00886
  16     475.0        1.6115        0.6429        1.3309        1.9738       0.362342       0.00994
  15     525.0        1.5703        0.6852        1.1850        1.8702       0.299834       0.01055
  14     575.0        0.0002        0.0551        0.0000        0.0551       0.054859       0.04135
  13     625.0        0.0002        0.0549        0.0000        0.0549       0.054715       0.00002
  12     675.0        0.0002        0.0547        0.0000        0.0547       0.054532       0.00003
  11     725.0        0.0001        0.0544        0.0000        0.0544       0.054310       0.00004
  10     762.5        0.0001        0.0542        0.0000        0.0542       0.054113       0.00004
   9     787.5        0.0001        0.0541        0.0000        0.0541       0.053974       0.00005
   8     812.5        0.0001        0.0539        0.0000        0.0539       0.053827       0.00005
   7     837.5        0.0001        0.0538        0.0000        0.0538       0.053671       0.00005
   6     862.5        0.0001        0.0536        0.0000        0.0536       0.053508       0.00006
   5     887.5        0.0001        0.0534        0.0000        0.0534       0.053337       0.00006
   4     912.5        0.0000        0.0532        0.0000        0.0532       0.053156       0.00006
   3     937.5        0.0000        0.0530        0.0000        0.0530       0.052970       0.00006
   2     962.5        0.0000        0.0528        0.0000        0.0528       0.052781       0.00006
   1     987.5        0.0000        0.0526        0.0000        0.0526       0.052592       0.00006
   0    1013.4        0.0000        0.0524        0.0000        0.0524       0.052404       0.00006



 Wavenumbers: 12850. - 16000. cm-1, ATM      1
 LEVEL PRESSURE   UPWARD FLUX   DIFDOWN FLUX  DIRDOWN FLUX  DOWNWARD FLUX   NET FLUX    HEATING RATE
          mb          W/m2          W/m2          W/m2        W/m2          W/m2       degree/day
  31     15.00        0.8462        0.0000        1.7838        1.7838       0.937623       0.00000
  30     25.00        0.8111        0.0369        1.4916        1.5285       0.717387       0.18586
  29     40.00        0.7693        0.0808        1.1839        1.2647       0.495355       0.12492
  28     60.00        0.7261        0.1260        0.9419        1.0680       0.341825       0.06478
  27     85.00        0.6838        0.1700        0.7575        0.9275       0.243682       0.03313
  26     112.5        0.6461        0.2092        0.6007        0.8100       0.163834       0.02450
  25     137.5        0.6181        0.2382        0.5053        0.7435       0.125334       0.01300
  24     162.5        0.5943        0.2627        0.4348        0.6975       0.103221       0.00746
  23     187.5        0.5737        0.2839        0.3786        0.6625       0.088838       0.00486
  22     212.5        0.5557        0.3023        0.3321        0.6343       0.078633       0.00344
  21     237.5        0.5400        0.3184        0.2928        0.6112       0.071245       0.00249
  20     275.0        0.5198        0.3390        0.2445        0.5834       0.063640       0.00171
  19     325.0        0.4979        0.3612        0.1952        0.5564       0.058515       0.00087
  18     375.0        0.4805        0.3789        0.1571        0.5360       0.055489       0.00051
  17     425.0        0.4665        0.3929        0.1268        0.5198       0.053237       0.00038
  16     475.0        0.4554        0.4042        0.1026        0.5067       0.051322       0.00032
  15     525.0        0.4465        0.4131        0.0830        0.4961       0.049588       0.00029
  14     575.0        0.0006        0.0469        0.0000        0.0469       0.046305       0.00055
  13     625.0        0.0005        0.0468        0.0000        0.0468       0.046265       0.00001
  12     675.0        0.0004        0.0467        0.0000        0.0467       0.046222       0.00001
  11     725.0        0.0004        0.0465        0.0000        0.0465       0.046175       0.00001
  10     762.5        0.0003        0.0465        0.0000        0.0465       0.046137       0.00001
   9     787.5        0.0003        0.0464        0.0000        0.0464       0.046111       0.00001
   8     812.5        0.0003        0.0463        0.0000        0.0463       0.046084       0.00001
   7     837.5        0.0002        0.0463        0.0000        0.0463       0.046056       0.00001
   6     862.5        0.0002        0.0462        0.0000        0.0462       0.046028       0.00001
   5     887.5        0.0002        0.0462        0.0000        0.0462       0.045998       0.00001
   4     912.5        0.0001        0.0461        0.0000        0.0461       0.045967       0.00001
   3     937.5        0.0001        0.0460        0.0000        0.0460       0.045936       0.00001
   2     962.5        0.0001        0.0460        0.0000        0.0460       0.045904       0.00001
   1     987.5        0.0000        0.0459        0.0000        0.0459       0.045872       0.00001
   0    1013.4        0.0000        0.0458        0.0000        0.0458       0.045840       0.00001



 Wavenumbers: 16000. - 22650. cm-1, ATM      1
 LEVEL PRESSURE   UPWARD FLUX   DIFDOWN FLUX  DIRDOWN FLUX  DOWNWARD FLUX   NET FLUX    HEATING RATE
          mb          W/m2          W/m2          W/m2        W/m2          W/m2       degree/day
  31     15.00        1.4100        0.0000        2.8440        2.8440       1.433967       0.00000
  30     25.00        1.2329        0.1828        1.9587        2.1415       0.908586       0.44338
  29     40.00        1.0565        0.3648        1.1682        1.5330       0.476549       0.24307
  28     60.00        0.9151        0.5102        0.6601        1.1702       0.255109       0.09344
  27     85.00        0.8158        0.6119        0.3562        0.9681       0.152227       0.03473
  26     112.5        0.7566        0.6722        0.1958        0.8680       0.111427       0.01252
  25     137.5        0.7260        0.7031        0.1195        0.8226       0.096611       0.00500
  24     162.5        0.7075        0.7217        0.0756        0.7973       0.089834       0.00229
  23     187.5        0.6959        0.7331        0.0490        0.7820       0.086158       0.00124
  22     212.5        0.6885        0.7401        0.0323        0.7724       0.083895       0.00076
  21     237.5        0.6838        0.7445        0.0217        0.7662       0.082427       0.00050
  20     275.0        0.6795        0.7483        0.0122        0.7605       0.081051       0.00031
  19     325.0        0.6764        0.7505        0.0060        0.7566       0.080214       0.00014
  18     375.0        0.6747        0.7513        0.0031        0.7544       0.079748       0.00008
  17     425.0        0.6737        0.7514        0.0017        0.7531       0.079407       0.00006
  16     475.0        0.6730        0.7512        0.0009        0.7521       0.079113       0.00005
  15     525.0        0.6725        0.7508        0.0005        0.7513       0.078838       0.00005
  14     575.0        0.0038        0.0823        0.0000        0.0823       0.078492       0.00006
  13     625.0        0.0034        0.0819        0.0000        0.0819       0.078477       0.00000
  12     675.0        0.0030        0.0814        0.0000        0.0814       0.078461       0.00000
  11     725.0        0.0025        0.0810        0.0000        0.0810       0.078445       0.00000
  10     762.5        0.0022        0.0806        0.0000        0.0806       0.078434       0.00000
   9     787.5        0.0020        0.0804        0.0000        0.0804       0.078426       0.00000
   8     812.5        0.0018        0.0802        0.0000        0.0802       0.078418       0.00000
   7     837.5        0.0015        0.0799        0.0000        0.0799       0.078409       0.00000
   6     862.5        0.0013        0.0797        0.0000        0.0797       0.078401       0.00000
   5     887.5        0.0011        0.0795        0.0000        0.0795       0.078393       0.00000
   4     912.5        0.0009        0.0793        0.0000        0.0793       0.078385       0.00000
   3     937.5        0.0007        0.0790        0.0000        0.0790       0.078377       0.00000
   2     962.5        0.0004        0.0788        0.0000        0.0788       0.078368       0.00000
   1     987.5        0.0002        0.0786        0.0000        0.0786       0.078360       0.00000
   0    1013.4        0.0000        0.0784        0.0000        0.0784       0.078352       0.00000



 Wavenumbers: 22650. - 29000. cm-1, ATM      1
 LEVEL PRESSURE   UPWARD FLUX   DIFDOWN FLUX  DIRDOWN FLUX  DOWNWARD FLUX   NET FLUX    HEATING RATE
          mb          W/m2          W/m2          W/m2        W/m2          W/m2       degree/day
  31     15.00        0.9983        0.0000        1.0530        1.0530       0.054710       0.00000
  30     25.00        0.8118        0.1909        0.6756        0.8665       0.054710       0.00000
  29     40.00        0.6546        0.3517        0.3577        0.7093       0.054710      -0.00000
  28     60.00        0.5569        0.4512        0.1604        0.6116       0.054710       0.00000
  27     85.00        0.5081        0.5005        0.0623        0.5628       0.054710       0.00000
  26     112.5        0.4883        0.5199        0.0231        0.5430       0.054710      -0.00000
  25     137.5        0.4813        0.5263        0.0097        0.5360       0.054710       0.00000
  24     162.5        0.4782        0.5287        0.0041        0.5329       0.054710       0.00000
  23     187.5        0.4766        0.5295        0.0018        0.5313       0.054710       0.00000
  22     212.5        0.4757        0.5297        0.0008        0.5305       0.054710       0.00000
  21     237.5        0.4751        0.5295        0.0004        0.5298       0.054710      -0.00000
  20     275.0        0.4744        0.5290        0.0001        0.5291       0.054710       0.00000
  19     325.0        0.4736        0.5283        0.0000        0.5283       0.054710       0.00000
  18     375.0        0.4728        0.5275        0.0000        0.5275       0.054710      -0.00000
  17     425.0        0.4721        0.5268        0.0000        0.5268       0.054710      -0.00000
  16     475.0        0.4713        0.5260        0.0000        0.5260       0.054710       0.00000
  15     525.0        0.4705        0.5252        0.0000        0.5252       0.054710      -0.00000
  14     575.0        0.0068        0.0612        0.0000        0.0612       0.054387       0.00005
  13     625.0        0.0060        0.0604        0.0000        0.0604       0.054387      -0.00000
  12     675.0        0.0052        0.0596        0.0000        0.0596       0.054387       0.00000
  11     725.0        0.0045        0.0588        0.0000        0.0588       0.054387      -0.00000
  10     762.5        0.0039        0.0583        0.0000        0.0583       0.054387       0.00000
   9     787.5        0.0035        0.0579        0.0000        0.0579       0.054387       0.00000
   8     812.5        0.0031        0.0575        0.0000        0.0575       0.054387       0.00000
   7     837.5        0.0027        0.0571        0.0000        0.0571       0.054387       0.00000
   6     862.5        0.0023        0.0567        0.0000        0.0567       0.054387      -0.00000
   5     887.5        0.0019        0.0563        0.0000        0.0563       0.054387       0.00000
   4     912.5        0.0016        0.0559        0.0000        0.0559       0.054387       0.00000
   3     937.5        0.0012        0.0556        0.0000        0.0556       0.054387       0.00000
   2     962.5        0.0008        0.0552        0.0000        0.0552       0.054387       0.00000
   1     987.5        0.0004        0.0548        0.0000        0.0548       0.054387      -0.00000
   0    1013.4        0.0000        0.0544        0.0000        0.0544       0.054387       0.00000



 Wavenumbers: 29000. - 38000. cm-1, ATM      1
 LEVEL PRESSURE   UPWARD FLUX   DIFDOWN FLUX  DIRDOWN FLUX  DOWNWARD FLUX   NET FLUX    HEATING RATE
          mb          W/m2          W/m2          W/m2        W/m2          W/m2       degree/day
  31     15.00        0.1230        0.0000        0.3635        0.3635       0.240516       0.00000
  30     25.00        0.0728        0.0502        0.0473        0.0975       0.024788       0.18206
  29     40.00        0.0584        0.0637        0.0091        0.0728       0.014395       0.00585
  28     60.00        0.0555        0.0658        0.0013        0.0671       0.011517       0.00121
  27     85.00        0.0555        0.0652        0.0001        0.0653       0.009819       0.00057
  26     112.5        0.0557        0.0645        0.0000        0.0645       0.008803       0.00031
  25     137.5        0.0558        0.0640        0.0000        0.0640       0.008227       0.00019
  24     162.5        0.0558        0.0637        0.0000        0.0637       0.007849       0.00013
  23     187.5        0.0559        0.0634        0.0000        0.0634       0.007571       0.00009
  22     212.5        0.0558        0.0632        0.0000        0.0632       0.007347       0.00008
  21     237.5        0.0558        0.0630        0.0000        0.0630       0.007165       0.00006
  20     275.0        0.0558        0.0627        0.0000        0.0627       0.006950       0.00005
  19     325.0        0.0556        0.0624        0.0000        0.0624       0.006782       0.00003
  18     375.0        0.0555        0.0622        0.0000        0.0622       0.006669       0.00002
  17     425.0        0.0554        0.0619        0.0000        0.0619       0.006576       0.00002
  16     475.0        0.0552        0.0617        0.0000        0.0617       0.006490       0.00001
  15     525.0        0.0551        0.0615        0.0000        0.0615       0.006407       0.00001
  14     575.0        0.0015        0.0076        0.0000        0.0076       0.006077       0.00006
  13     625.0        0.0013        0.0074        0.0000        0.0074       0.006071       0.00000
  12     675.0        0.0012        0.0072        0.0000        0.0072       0.006065       0.00000
  11     725.0        0.0010        0.0071        0.0000        0.0071       0.006059       0.00000
  10     762.5        0.0009        0.0069        0.0000        0.0069       0.006055       0.00000
   9     787.5        0.0008        0.0068        0.0000        0.0068       0.006052       0.00000
   8     812.5        0.0007        0.0067        0.0000        0.0067       0.006050       0.00000
   7     837.5        0.0006        0.0067        0.0000        0.0067       0.006047       0.00000
   6     862.5        0.0005        0.0066        0.0000        0.0066       0.006045       0.00000
   5     887.5        0.0004        0.0065        0.0000        0.0065       0.006042       0.00000
   4     912.5        0.0003        0.0064        0.0000        0.0064       0.006040       0.00000
   3     937.5        0.0003        0.0063        0.0000        0.0063       0.006038       0.00000
   2     962.5        0.0002        0.0062        0.0000        0.0062       0.006036       0.00000
   1     987.5        0.0001        0.0061        0.0000        0.0061       0.006034       0.00000
   0    1013.4        0.0000        0.0060        0.0000        0.0060       0.006032       0.00000



 Wavenumbers: 38000. - 50000. cm-1, ATM      1
 LEVEL PRESSURE   UPWARD FLUX   DIFDOWN FLUX  DIRDOWN FLUX  DOWNWARD FLUX   NET FLUX    HEATING RATE
          mb          W/m2          W/m2          W/m2        W/m2          W/m2       degree/day
  31     15.00        0.0001        0.0000        0.0170        0.0170       0.016866       0.00000
  30     25.00        0.0000        0.0000        0.0000        0.0000       0.000007       0.01423
  29     40.00        0.0000        0.0000        0.0000        0.0000       0.000001       0.00000
  28     60.00        0.0000        0.0000        0.0000        0.0000       0.000000       0.00000
  27     85.00        0.0000        0.0000        0.0000        0.0000       0.000000       0.00000
  26     112.5        0.0000        0.0000        0.0000        0.0000       0.000000       0.00000
  25     137.5        0.0000        0.0000        0.0000        0.0000       0.000000       0.00000
  24     162.5        0.0000        0.0000        0.0000        0.0000       0.000000       0.00000
  23     187.5        0.0000        0.0000        0.0000        0.0000       0.000000       0.00000
  22     212.5        0.0000        0.0000        0.0000        0.0000       0.000000       0.00000
  21     237.5        0.0000        0.0000        0.0000        0.0000       0.000000       0.00000
  20     275.0        0.0000        0.0000        0.0000        0.0000       0.000000       0.00000
  19     325.0        0.0000        0.0000        0.0000        0.0000       0.000000       0.00000
  18     375.0        0.0000        0.0000        0.0000        0.0000       0.000000       0.00000
  17     425.0        0.0000        0.0000        0.0000        0.0000       0.000000       0.00000
  16     475.0        0.0000        0.0000        0.0000        0.0000       0.000000       0.00000
  15     525.0        0.0000        0.0000        0.0000        0.0000       0.000000       0.00000
  14     575.0        0.0000        0.0000        0.0000        0.0000       0.000000       0.00000
  13     625.0        0.0000        0.0000        0.0000        0.0000       0.000000       0.00000
  12     675.0        0.0000        0.0000        0.0000        0.0000       0.000000       0.00000
  11     725.0        0.0000        0.0000        0.0000        0.0000       0.000000       0.00000
  10     762.5        0.0000        0.0000        0.0000        0.0000       0.000000       0.00000
   9     787.5        0.0000        0.0000        0.0000        0.0000       0.000000       0.00000
   8     812.5        0.0000        0.0000        0.0000        0.0000       0.000000       0.00000
   7     837.5        0.0000        0.0000        0.0000        0.0000       0.000000       0.00000
   6     862.5        0.0000        0.0000        0.0000        0.0000       0.000000       0.00000
   5     887.5        0.0000        0.0000        0.0000        0.0000       0.000000       0.00000
   4     912.5        0.0000        0.0000        0.0000        0.0000       0.000000       0.00000
   3     937.5        0.0000        0.0000        0.0000        0.0000       0.000000       0.00000
   2     962.5        0.0000        0.0000        0.0000        0.0000       0.000000       0.00000
   1     987.5        0.0000        0.0000        0.0000        0.0000       0.000000       0.00000
   0    1013.4        0.0000        0.0000        0.0000        0.0000       0.000000       0.00000



 Wavenumbers:   820. -  2600. cm-1, ATM      1
 LEVEL PRESSURE   UPWARD FLUX   DIFDOWN FLUX  DIRDOWN FLUX  DOWNWARD FLUX   NET FLUX    HEATING RATE
          mb          W/m2          W/m2          W/m2        W/m2          W/m2       degree/day
  31     15.00        0.0019        0.0000        0.1091        0.1091       0.107238       0.00000
  30     25.00        0.0019        0.0000        0.0761        0.0761       0.074193       0.02789
  29     40.00        0.0019        0.0000        0.0674        0.0674       0.065506       0.00489
  28     60.00        0.0019        0.0000        0.0610        0.0610       0.059091       0.00271
  27     85.00        0.0019        0.0000        0.0558        0.0559       0.053981       0.00172
  26     112.5        0.0019        0.0000        0.0519        0.0520       0.050078       0.00120
  25     137.5        0.0019        0.0000        0.0492        0.0492       0.047299       0.00094
  24     162.5        0.0019        0.0000        0.0470        0.0470       0.045129       0.00073
  23     187.5        0.0019        0.0000        0.0452        0.0452       0.043323       0.00061
  22     212.5        0.0019        0.0000        0.0437        0.0437       0.041817       0.00051
  21     237.5        0.0019        0.0000        0.0424        0.0424       0.040561       0.00042
  20     275.0        0.0019        0.0000        0.0408        0.0408       0.038980       0.00036
  19     325.0        0.0019        0.0000        0.0389        0.0389       0.037006       0.00033
  18     375.0        0.0019        0.0000        0.0368        0.0368       0.034919       0.00035
  17     425.0        0.0019        0.0000        0.0345        0.0345       0.032681       0.00038
  16     475.0        0.0019        0.0000        0.0322        0.0322       0.030326       0.00040
  15     525.0        0.0019        0.0000        0.0297        0.0297       0.027841       0.00042
  14     575.0        0.0000        0.0000        0.0000        0.0000       0.000000       0.00470
  13     625.0        0.0000        0.0000        0.0000        0.0000       0.000000       0.00000
  12     675.0        0.0000        0.0000        0.0000        0.0000       0.000000       0.00000
  11     725.0        0.0000        0.0000        0.0000        0.0000       0.000000       0.00000
  10     762.5        0.0000        0.0000        0.0000        0.0000       0.000000       0.00000
   9     787.5        0.0000        0.0000        0.0000        0.0000       0.000000       0.00000
   8     812.5        0.0000        0.0000        0.0000        0.0000       0.000000       0.00000
   7     837.5        0.0000        0.0000        0.0000        0.0000       0.000000       0.00000
   6     862.5        0.0000        0.0000        0.0000        0.0000       0.000000       0.00000
   5     887.5        0.0000        0.0000        0.0000        0.0000       0.000000       0.00000
   4     912.5        0.0000        0.0000        0.0000        0.0000       0.000000       0.00000
   3     937.5        0.0000        0.0000        0.0000        0.0000       0.000000       0.00000
   2     962.5        0.0000        0.0000        0.0000        0.0000       0.000000       0.00000
   1     987.5        0.0000        0.0000        0.0000        0.0000       0.000000       0.00000
   0    1013.4        0.0000        0.0000        0.0000        0.0000       0.000000       0.00000

  Modules and versions used in this calculation:

       rrtmg_sw.1col.f90:  $Revision$                    rrtmg_sw_init.f90:  $Revision$        
     rrtmgsw_cldprop.f90:  $Revision$                  rrtmgsw_cldprmc.f90:  NOT USED          
     rrtmg_sw_reftra.f90:  $Revision$                  rrtmg_sw_spcvrt.f90:  NOT USED          
     rrtmg_sw_spcvmc.f90:  NOT USED                    rrtmgsw_setcoef.f90:  NOT USED          
     rrtmg_sw_taumol.f90:  $Revision$                  rrtmg_sw_vrtqdr.f90:  NOT USED          
                rrtatm.f:  NOT USED                             util_xxx.f:  NOT USED          
                 extra.f:  NOT USED                       rrtmg_sw_k_g.f90:  $Revision$        

