$ ATMOSPHERE PROFILE
                   0                             0                   0              0   99 0 02
   -99.900 1  0 1.000
 0 31    7
 1000.0000  254.0842                       1014.686 252.48        987.500 254.45
 1.113e-03 3.800e-04 4.278e-08 3.230e-07 1.500e-07 1.797e-06 2.090e-01 4.555e+23
  975.0000  254.8181                                              962.500 255.26
 1.181e-03 3.800e-04 4.379e-08 3.230e-07 1.500e-07 1.797e-06 2.090e-01 4.189e+23
  950.0000  255.7079                                              937.500 255.99
 1.208e-03 3.800e-04 4.418e-08 3.230e-07 1.500e-07 1.797e-06 2.090e-01 4.189e+23
  925.0000  256.2786                                              912.500 256.40
 1.224e-03 3.800e-04 4.431e-08 3.230e-07 1.500e-07 1.797e-06 2.090e-01 4.188e+23
  900.0000  256.5233                                              887.500 256.54
 1.223e-03 3.800e-04 4.439e-08 3.230e-07 1.500e-07 1.797e-06 2.090e-01 4.189e+23
  875.0000  256.5667                                              862.500 256.46
 1.208e-03 3.800e-04 4.445e-08 3.230e-07 1.500e-07 1.797e-06 2.090e-01 4.189e+23
  850.0000  256.3528                                              837.500 256.17
 1.173e-03 3.800e-04 4.453e-08 3.230e-07 1.500e-07 1.797e-06 2.090e-01 4.189e+23
  825.0000  255.9889                                              812.500 255.68
 1.140e-03 3.800e-04 4.463e-08 3.230e-07 1.500e-07 1.797e-06 2.090e-01 4.189e+23
  800.0000  255.3642                                              787.500 254.96
 1.089e-03 3.800e-04 4.473e-08 3.230e-07 1.500e-07 1.797e-06 2.090e-01 4.189e+23
  775.0000  254.5573                                              762.500 254.11
 1.013e-03 3.800e-04 4.483e-08 3.230e-07 1.500e-07 1.797e-06 2.090e-01 4.189e+23
  750.0000  253.6475                                              725.000 252.55
 9.332e-04 3.800e-04 4.500e-08 3.230e-07 1.500e-07 1.797e-06 2.090e-01 6.284e+23
  700.0000  251.4138                                              675.000 250.05
 7.817e-04 3.800e-04 4.530e-08 3.230e-07 1.500e-07 1.797e-06 2.090e-01 8.379e+23
  650.0000  248.6273                                              625.000 247.04
 6.308e-04 3.800e-04 4.565e-08 3.230e-07 1.500e-07 1.797e-06 2.090e-01 8.380e+23
  600.0000  245.3964                                              575.000 243.59
 4.886e-04 3.800e-04 4.606e-08 3.230e-07 1.500e-07 1.797e-06 2.090e-01 8.381e+23
  550.0000  241.7041                                              525.000 239.64
 3.700e-04 3.800e-04 4.669e-08 3.230e-07 1.500e-07 1.797e-06 2.090e-01 8.381e+23
  500.0000  237.4693                                              475.000 235.19
 2.609e-04 3.800e-04 4.769e-08 3.230e-07 1.500e-07 1.797e-06 2.090e-01 8.382e+23
  450.0000  232.7802                                              425.000 230.29
 1.706e-04 3.800e-04 4.957e-08 3.230e-07 1.500e-07 1.797e-06 2.090e-01 8.382e+23
  400.0000  227.6465                                              375.000 225.13
 1.079e-04 3.800e-04 5.360e-08 3.230e-07 1.500e-07 1.797e-06 2.090e-01 8.383e+23
  350.0000  222.4335                                              325.000 220.29
 6.148e-05 3.800e-04 6.374e-08 3.230e-07 1.500e-07 1.797e-06 2.090e-01 8.383e+23
  300.0000  217.9687                                              275.000 217.11
 3.373e-05 3.800e-04 9.324e-08 3.230e-07 1.500e-07 1.797e-06 2.090e-01 8.383e+23
  250.0000  216.1737                                              237.500 216.32
 2.010e-05 3.800e-04 1.673e-07 3.230e-07 1.500e-07 1.797e-06 2.090e-01 6.287e+23
  225.0000  216.4759                                              212.500 216.86
 1.593e-05 3.800e-04 2.243e-07 3.230e-07 1.500e-07 1.797e-06 2.090e-01 4.192e+23
  200.0000  217.2589                                              187.500 217.54
 1.137e-05 3.800e-04 2.930e-07 3.230e-07 1.500e-07 1.797e-06 2.090e-01 4.192e+23
  175.0000  217.8315                                              162.500 217.98
 7.578e-06 3.800e-04 3.815e-07 3.230e-07 1.500e-07 1.797e-06 2.090e-01 4.192e+23
  150.0000  218.1438                                              137.500 218.06
 6.097e-06 3.800e-04 5.250e-07 3.230e-07 1.500e-07 1.797e-06 2.090e-01 4.192e+23
  125.0000  217.9762                                              112.500 217.71
 5.797e-06 3.800e-04 7.898e-07 3.230e-07 1.500e-07 1.797e-06 2.090e-01 4.192e+23
  100.0000  217.4218                                               85.000 216.92
 6.091e-06 3.800e-04 1.209e-06 3.230e-07 1.500e-07 1.797e-06 2.090e-01 4.611e+23
   70.0000  216.3177                                               60.000 216.20
 7.179e-06 3.800e-04 1.977e-06 3.230e-07 1.500e-07 1.797e-06 2.090e-01 4.192e+23
   50.0000  216.0692                                               40.000 216.60
 9.199e-06 3.800e-04 2.761e-06 3.230e-07 1.500e-07 1.797e-06 2.090e-01 3.353e+23
   30.0000  217.2731                                               25.000 217.83
 1.460e-05 3.800e-04 3.489e-06 3.230e-07 1.500e-07 1.797e-06 2.090e-01 2.515e+23
   20.0000  218.5111                                               15.000    nan
 2.286e-05 3.800e-04 3.629e-06 3.230e-07 1.500e-07 1.797e-06 2.090e-01 1.677e+23
%%%%%