 Wavenumbers:   10.0 - 3250.0 cm-1, ATM      1
 LEVEL    PRESSURE   UPWARD FLUX   DOWNWARD FLUX    NET FLUX       HEATING RATE
             mb          W/m2          W/m2           W/m2          degree/day
  31       15.00            NaN        0.0000               NaN            0.00000
  30       25.00       167.2593        5.8898       161.3694431                NaN
  29       40.00       167.2503        9.2884       157.9619289           -1.91710
  28       60.00       167.5170       12.4161       155.1008594           -1.20725
  27       85.00       168.0030       15.4110       152.5919911           -0.84691
  26      112.5        168.4686       18.2229       150.2457381           -0.72001
  25      137.5        168.7861       20.3587       148.4273418           -0.61383
  24      162.5        168.9930       22.2495       146.7435056           -0.56841
  23      187.5        169.1542       24.0496       145.1045477           -0.55326
  22      212.5        169.3330       26.0035       143.3294752           -0.59920
  21      237.5        169.6920       28.0867       141.6052879           -0.58203
  20      275.0        170.8179       31.4721       139.3458137           -0.50848
  19      325.0        173.2960       37.8228       135.4732334           -0.65363
  18      375.0        176.6460       46.3605       130.2855560           -0.87559
  17      425.0        180.4478       56.6169       123.8309537           -1.08943
  16      475.0        184.2101       67.7594       116.4506291           -1.24567
  15      525.0        187.1503       79.5889       107.5613768           -1.50035
  14      575.0        221.6399      199.5052        22.1346660          -14.41857
  13      625.0        226.0129      202.4918        23.5211329            0.23401
  12      675.0        230.0246      206.7295        23.2950846           -0.03815
  11      725.0        233.4803      211.2554        22.2249013           -0.18063
  10      762.5        235.3747      214.7792        20.5955096           -0.36668
   9      787.5        236.4249      216.7777        19.6471954           -0.32012
   8      812.5        237.1929      218.7266        18.4662513           -0.39865
   7      837.5        237.5693      220.4172        17.1520125           -0.44364
   6      862.5        237.6213      221.7737        15.8476615           -0.44030
   5      887.5        237.2914      222.8114        14.4800651           -0.46165
   4      912.5        236.6131      223.4399        13.1731915           -0.44116
   3      937.5        235.5289      223.6224        11.9064646           -0.42760
   2      962.5        234.1023      223.2429        10.8594735           -0.35343
   1      987.5        232.7521      222.4519        10.3002295           -0.18878
   0     1014.7        230.4208      220.7257         9.6950934           -0.18785

 Wavenumbers:   10.0 -  350.0 cm-1, ATM      1
 LEVEL    PRESSURE   UPWARD FLUX   DOWNWARD FLUX    NET FLUX       HEATING RATE
             mb          W/m2          W/m2           W/m2          degree/day
  31       15.00            NaN        0.0000               NaN            0.00000
  30       25.00        33.0510        1.5852        31.4657220                NaN
  29       40.00        33.0407        2.4027        30.6379697           -0.46570
  28       60.00        33.0546        3.0624        29.9922372           -0.27247
  27       85.00        33.0837        3.7794        29.3042708           -0.23223
  26      112.5         33.1031        4.5662        28.5368683           -0.23550
  25      137.5         33.1108        5.3072        27.8035905           -0.24753
  24      162.5         33.1096        6.0998        27.0098935           -0.26792
  23      187.5         33.1070        7.0219        26.0850417           -0.31220
  22      212.5         33.1132        8.2064        24.9067946           -0.39774
  21      237.5         33.1627        9.5673        23.5953586           -0.44270
  20      275.0         33.3697       11.6837        21.6859611           -0.42970
  19      325.0         33.9270       15.4261        18.5008705           -0.53759
  18      375.0         34.7564       19.9473        14.8090811           -0.62311
  17      425.0         35.7493       24.6783        11.0709983           -0.63092
  16      475.0         36.7599       29.0180         7.7419590           -0.56188
  15      525.0         37.5986       32.9285         4.6700732           -0.51848
  14      575.0         39.1292       38.7729         0.3563508           -0.72808
  13      625.0         40.0634       39.5688         0.4945124            0.02332
  12      675.0         40.9070       40.5124         0.3945492           -0.01687
  11      725.0         41.6355       41.3545         0.2809862           -0.01917
  10      762.5         42.0657       41.9067         0.1590061           -0.02745
   9      787.5         42.3120       42.1785         0.1335290           -0.00860
   8      812.5         42.5162       42.4205         0.0956586           -0.01278
   7      837.5         42.6504       42.5945         0.0558743           -0.01343
   6      862.5         42.7276       42.6992         0.0283803           -0.00928
   5      887.5         42.7375       42.7414        -0.0038673           -0.01089
   4      912.5         42.6806       42.7116        -0.0309627           -0.00915
   3      937.5         42.5367       42.6030        -0.0663080           -0.01193
   2      962.5         42.2982       42.3959        -0.0976449           -0.01058
   1      987.5         42.0493       42.1437        -0.0943927            0.00110
   0     1014.7         41.4936       41.6395        -0.1459145           -0.01599

 Wavenumbers:  350.0 -  500.0 cm-1, ATM      1
 LEVEL    PRESSURE   UPWARD FLUX   DOWNWARD FLUX    NET FLUX       HEATING RATE
             mb          W/m2          W/m2           W/m2          degree/day
  31       15.00            NaN        0.0000               NaN            0.00000
  30       25.00        34.4899        0.1844        34.3054845                NaN
  29       40.00        34.4851        0.2739        34.2112128           -0.05304
  28       60.00        34.4823        0.3600        34.1222578           -0.03754
  27       85.00        34.4685        0.4559        34.0125750           -0.03703
  26      112.5         34.4734        0.5412        33.9321998           -0.02467
  25      137.5         34.4766        0.6308        33.8458252           -0.02916
  24      162.5         34.4793        0.7307        33.7485247           -0.03285
  23      187.5         34.4835        0.8552        33.6283536           -0.04057
  22      212.5         34.4934        1.0354        33.4579958           -0.05751
  21      237.5         34.5160        1.2670        33.2490013           -0.07055
  20      275.0         34.5778        1.6501        32.9277172           -0.07230
  19      325.0         34.7392        2.3976        32.3415881           -0.09893
  18      375.0         34.9982        3.5807        31.4175110           -0.15597
  17      425.0         35.3438        5.4067        29.9371069           -0.24987
  16      475.0         35.7173        7.7974        27.9198657           -0.34048
  15      525.0         36.0044       10.6880        25.3163587           -0.43943
  14      575.0         40.4918       37.6265         2.8652742           -3.78936
  13      625.0         41.1093       37.9756         3.1336850            0.04530
  12      675.0         41.6991       38.6061         3.0929949           -0.00687
  11      725.0         42.2153       39.3885         2.8267167           -0.04494
  10      762.5         42.4927       40.0649         2.4277725           -0.08978
   9      787.5         42.6425       40.4737         2.1687699           -0.08743
   8      812.5         42.7422       40.8831         1.8590687           -0.10454
   7      837.5         42.7762       41.2561         1.5200477           -0.11444
   6      862.5         42.7536       41.5719         1.1816842           -0.11422
   5      887.5         42.6649       41.8310         0.8339626           -0.11738
   4      912.5         42.5172       42.0142         0.5030024           -0.11172
   3      937.5         42.3057       42.1144         0.1912801           -0.10523
   2      962.5         42.0499       42.1111        -0.0611969           -0.08523
   1      987.5         41.8163       42.0181        -0.2017512           -0.04745
   0     1014.7         41.4765       41.7937        -0.3172489           -0.03585

 Wavenumbers:  500.0 -  630.0 cm-1, ATM      1
 LEVEL    PRESSURE   UPWARD FLUX   DOWNWARD FLUX    NET FLUX       HEATING RATE
             mb          W/m2          W/m2           W/m2          degree/day
  31       15.00            NaN        0.0000               NaN            0.00000
  30       25.00        28.1430        0.3042        27.8388085                NaN
  29       40.00        28.1405        0.5345        27.6059568           -0.13100
  28       60.00        28.1623        0.8027        27.3596582           -0.10393
  27       85.00        28.2048        1.1237        27.0811474           -0.09402
  26      112.5         28.2524        1.4946        26.7578054           -0.09923
  25      137.5         28.2936        1.8035        26.4901131           -0.09036
  24      162.5         28.3342        2.0872        26.2469703           -0.08208
  23      187.5         28.3804        2.3467        26.0336659           -0.07200
  22      212.5         28.4392        2.5910        25.8482449           -0.06259
  21      237.5         28.5225        2.8233        25.6992277           -0.05030
  20      275.0         28.7009        3.1688        25.5320690           -0.03762
  19      325.0         29.0268        3.7400        25.2867512           -0.04141
  18      375.0         29.4095        4.5174        24.8921409           -0.06660
  17      425.0         29.8076        5.5416        24.2659757           -0.10569
  16      475.0         30.1664        6.8269        23.3394389           -0.15638
  15      525.0         30.4013        8.3854        22.0159205           -0.22339
  14      575.0         35.6707       32.1370         3.5336867           -3.11949
  13      625.0         36.2088       32.3960         3.8128462            0.04712
  12      675.0         36.6926       32.8972         3.7954138           -0.00294
  11      725.0         37.0886       33.5331         3.5555247           -0.04049
  10      762.5         37.2745       34.0941         3.1804242           -0.08441
   9      787.5         37.3676       34.4429         2.9246830           -0.08633
   8      812.5         37.4139       34.7998         2.6140534           -0.10486
   7      837.5         37.4067       35.1398         2.2668157           -0.11722
   6      862.5         37.3549       35.4445         1.9103989           -0.12031
   5      887.5         37.2520       35.7132         1.5387535           -0.12545
   4      912.5         37.1068       35.9287         1.1780900           -0.12175
   3      937.5         36.9205       36.0848         0.8357489           -0.11556
   2      962.5         36.7151       36.1634         0.5517852           -0.09586
   1      987.5         36.5359       36.1630         0.3729267           -0.06038
   0     1014.7         36.3291       36.0904         0.2386649           -0.04168

 Wavenumbers:  630.0 -  700.0 cm-1, ATM      1
 LEVEL    PRESSURE   UPWARD FLUX   DOWNWARD FLUX    NET FLUX       HEATING RATE
             mb          W/m2          W/m2           W/m2          degree/day
  31       15.00            NaN        0.0000               NaN            0.00000
  30       25.00         9.4905        2.9555         6.5350177                NaN
  29       40.00         9.4139        4.5438         4.8700984           -0.93670
  28       60.00         9.4374        5.9972         3.4401427           -0.60338
  27       85.00         9.5569        7.2194         2.3375427           -0.37220
  26      112.5          9.6505        8.1671         1.4834146           -0.26211
  25      137.5          9.6791        8.7059         0.9731796           -0.17224
  24      162.5          9.6407        9.0292         0.6114351           -0.12211
  23      187.5          9.5589        9.1830         0.3758056           -0.07954
  22      212.5          9.4565        9.2222         0.2343046           -0.04777
  21      237.5          9.4185        9.2057         0.2127312           -0.00728
  20      275.0          9.6494        9.3411         0.3083028            0.02151
  19      325.0         10.3515        9.9195         0.4319605            0.02087
  18      375.0         11.3604       10.8916         0.4688288            0.00622
  17      425.0         12.4684       12.0323         0.4360982           -0.00552
  16      475.0         13.5587       13.1920         0.3666594           -0.01172
  15      525.0         14.4789       14.2948         0.1840864           -0.03082
  14      575.0         15.5782       15.4470         0.1311418           -0.00894
  13      625.0         16.4474       16.2357         0.2117012            0.01360
  12      675.0         17.2263       17.0466         0.1796846           -0.00540
  11      725.0         17.9005       17.7452         0.1552586           -0.00412
  10      762.5         18.2980       18.2047         0.0932934           -0.01394
   9      787.5         18.5267       18.4354         0.0913251           -0.00066
   8      812.5         18.7157       18.6457         0.0700513           -0.00718
   7      837.5         18.8397       18.7978         0.0419451           -0.00949
   6      862.5         18.9119       18.8893         0.0226272           -0.00652
   5      887.5         18.9216       18.9257        -0.0040954           -0.00902
   4      912.5         18.8705       18.8971        -0.0265810           -0.00759
   3      937.5         18.7397       18.7976        -0.0578421           -0.01055
   2      962.5         18.5236       18.6090        -0.0854476           -0.00932
   1      987.5         18.3029       18.3791        -0.0761454            0.00314
   0     1014.7         17.7995       17.9266        -0.1271700           -0.01584

 Wavenumbers:  700.0 -  820.0 cm-1, ATM      1
 LEVEL    PRESSURE   UPWARD FLUX   DOWNWARD FLUX    NET FLUX       HEATING RATE
             mb          W/m2          W/m2           W/m2          degree/day
  31       15.00            NaN        0.0000               NaN            0.00000
  30       25.00        18.5343        0.3273        18.2069740                NaN
  29       40.00        18.5443        0.5976        17.9466520           -0.14646
  28       60.00        18.5838        0.9017        17.6820710           -0.11164
  27       85.00        18.6540        1.2203        17.4337545           -0.08382
  26      112.5         18.7094        1.5501        17.1592473           -0.08424
  25      137.5         18.7515        1.8048        16.9467471           -0.07173
  24      162.5         18.7881        2.0342        16.7539547           -0.06508
  23      187.5         18.8274        2.2381        16.5892587           -0.05560
  22      212.5         18.8774        2.4195        16.4579653           -0.04432
  21      237.5         18.9533        2.5784        16.3748794           -0.02805
  20      275.0         19.1290        2.8098        16.3192340           -0.01252
  19      325.0         19.4597        3.1951        16.2645750           -0.00923
  18      375.0         19.8476        3.7259        16.1217293           -0.02411
  17      425.0         20.2413        4.3999        15.8413573           -0.04732
  16      475.0         20.5874        5.1917        15.3957372           -0.07521
  15      525.0         20.7927        6.0685        14.7242778           -0.11333
  14      575.0         25.6301       22.3623         3.2678200           -1.93365
  13      625.0         26.0426       22.5643         3.4782327            0.03551
  12      675.0         26.3999       22.9191         3.4808799            0.00045
  11      725.0         26.6875       23.3340         3.3535788           -0.02149
  10      762.5         26.8215       23.6746         3.1468735           -0.04652
   9      787.5         26.8898       23.8761         3.0136356           -0.04498
   8      812.5         26.9276       24.0775         2.8500119           -0.05523
   7      837.5         26.9302       24.2654         2.6647952           -0.06252
   6      862.5         26.9038       24.4292         2.4746087           -0.06420
   5      887.5         26.8445       24.5689         2.2756139           -0.06717
   4      912.5         26.7578       24.6752         2.0825807           -0.06516
   3      937.5         26.6429       24.7455         1.8974118           -0.06251
   2      962.5         26.5129       24.7686         1.7442934           -0.05169
   1      987.5         26.3991       24.7447         1.6544492           -0.03033
   0     1014.7         26.2532       24.6771         1.5760258           -0.02434

 Wavenumbers:  820.0 -  980.0 cm-1, ATM      1
 LEVEL    PRESSURE   UPWARD FLUX   DOWNWARD FLUX    NET FLUX       HEATING RATE
             mb          W/m2          W/m2           W/m2          degree/day
  31       15.00            NaN        0.0000               NaN            0.00000
  30       25.00        19.8060        0.0000        19.8059780                NaN
  29       40.00        19.8060        0.0000        19.8059780            0.00000
  28       60.00        19.8060        0.0000        19.8059780            0.00000
  27       85.00        19.8060        0.0000        19.8059780            0.00000
  26      112.5         19.8077        0.0023        19.8053586           -0.00019
  25      137.5         19.8092        0.0045        19.8047239           -0.00021
  24      162.5         19.8107        0.0066        19.8040674           -0.00022
  23      187.5         19.8123        0.0088        19.8034530           -0.00021
  22      212.5         19.8138        0.0109        19.8029116           -0.00018
  21      237.5         19.8154        0.0129        19.8024662           -0.00015
  20      275.0         19.8178        0.0159        19.8018506           -0.00014
  19      325.0         19.8210        0.0205        19.8005316           -0.00022
  18      375.0         19.8242        0.0266        19.7975965           -0.00050
  17      425.0         19.8271        0.0354        19.7917087           -0.00099
  16      475.0         19.8293        0.0482        19.7811043           -0.00179
  15      525.0         19.8303        0.0672        19.7630975           -0.00304
  14      575.0         26.0994       21.6021         4.4972801           -2.57661
  13      625.0         26.1060       21.6037         4.5022864            0.00084
  12      675.0         26.1110       21.6094         4.5015693           -0.00012
  11      725.0         26.1132       21.6208         4.4923588           -0.00155
  10      762.5         26.1120       21.6345         4.4774373           -0.00336
   9      787.5         26.1100       21.6455         4.4645004           -0.00437
   8      812.5         26.1069       21.6585         4.4483841           -0.00544
   7      837.5         26.1027       21.6731         4.4296211           -0.00633
   6      862.5         26.0977       21.6886         4.4090804           -0.00693
   5      887.5         26.0921       21.7051         4.3870807           -0.00743
   4      912.5         26.0864       21.7216         4.3648094           -0.00752
   3      937.5         26.0810       21.7378         4.3431993           -0.00729
   2      962.5         26.0765       21.7529         4.3235944           -0.00662
   1      987.5         26.0732       21.7662         4.3070806           -0.00557
   0     1014.7         26.0710       21.7785         4.2924746           -0.00453

 Wavenumbers:  980.0 - 1080.0 cm-1, ATM      1
 LEVEL    PRESSURE   UPWARD FLUX   DOWNWARD FLUX    NET FLUX       HEATING RATE
             mb          W/m2          W/m2           W/m2          degree/day
  31       15.00            NaN        0.0000               NaN            0.00000
  30       25.00         6.9260        0.4224         6.5035765                NaN
  29       40.00         6.9869        0.7449         6.2419842           -0.14717
  28       60.00         7.1301        1.0200         6.1101347           -0.05563
  27       85.00         7.3322        1.2488         6.0833697           -0.00903
  26      112.5          7.5311        1.4158         6.1152844            0.00979
  25      137.5          7.6897        1.5168         6.1728024            0.01942
  24      162.5          7.8230        1.5842         6.2387775            0.02227
  23      187.5          7.9419        1.6308         6.3111125            0.02442
  22      212.5          8.0506        1.6638         6.3867421            0.02553
  21      237.5          8.1472        1.6865         6.4607133            0.02497
  20      275.0          8.2685        1.7113         6.5572106            0.02172
  19      325.0          8.3620        1.7381         6.6238620            0.01125
  18      375.0          8.4187        1.7699         6.6487986            0.00421
  17      425.0          8.4553        1.8111         6.6442193           -0.00077
  16      475.0          8.4765        1.8639         6.6125851           -0.00534
  15      525.0          8.4836        1.9293         6.5543451           -0.00983
  14      575.0         11.6238        9.3569         2.2668340           -0.72366
  13      625.0         11.6523        9.3636         2.2887738            0.00370
  12      675.0         11.6698        9.3824         2.2873653           -0.00024
  11      725.0         11.6765        9.4126         2.2639576           -0.00395
  10      762.5         11.6743        9.4424         2.2318461           -0.00723
   9      787.5         11.6706        9.4643         2.2063003           -0.00862
   8      812.5         11.6649        9.4881         2.1768339           -0.00995
   7      837.5         11.6575        9.5132         2.1443173           -0.01098
   6      862.5         11.6490        9.5390         2.1100497           -0.01157
   5      887.5         11.6398        9.5651         2.0747477           -0.01192
   4      912.5         11.6305        9.5907         2.0398244           -0.01179
   3      937.5         11.6217        9.6153         2.0063964           -0.01128
   2      962.5         11.6142        9.6381         1.9761833           -0.01020
   1      987.5         11.6089        9.6580         1.9508525           -0.00855
   0     1014.7         11.6050        9.6769         1.9280340           -0.00708

 Wavenumbers: 1080.0 - 1180.0 cm-1, ATM      1
 LEVEL    PRESSURE   UPWARD FLUX   DOWNWARD FLUX    NET FLUX       HEATING RATE
             mb          W/m2          W/m2           W/m2          degree/day
  31       15.00            NaN        0.0000               NaN            0.00000
  30       25.00         6.0340        0.0121         6.0219084                NaN
  29       40.00         6.0475        0.0281         6.0194622           -0.00138
  28       60.00         6.0639        0.0441         6.0197666            0.00013
  27       85.00         6.0797        0.0591         6.0205606            0.00027
  26      112.5          6.0921        0.0715         6.0205841            0.00001
  25      137.5          6.1001        0.0798         6.0203489           -0.00008
  24      162.5          6.1062        0.0861         6.0201338           -0.00007
  23      187.5          6.1113        0.0912         6.0200968           -0.00001
  22      212.5          6.1159        0.0956         6.0202717            0.00006
  21      237.5          6.1201        0.0994         6.0206695            0.00013
  20      275.0          6.1258        0.1044         6.0213574            0.00015
  19      325.0          6.1320        0.1106         6.0214704            0.00002
  18      375.0          6.1373        0.1177         6.0195877           -0.00032
  17      425.0          6.1417        0.1272         6.0145483           -0.00085
  16      475.0          6.1449        0.1401         6.0047731           -0.00165
  15      525.0          6.1463        0.1584         5.9879210           -0.00284
  14      575.0          8.6779        6.8421         1.8358181           -0.70080
  13      625.0          8.6863        6.8442         1.8421382            0.00107
  12      675.0          8.6931        6.8510         1.8420664           -0.00001
  11      725.0          8.6973        6.8634         1.8338951           -0.00138
  10      762.5          8.6976        6.8769         1.8207430           -0.00296
   9      787.5          8.6969        6.8870         1.8098721           -0.00367
   8      812.5          8.6950        6.8984         1.7966047           -0.00448
   7      837.5          8.6920        6.9106         1.7814241           -0.00512
   6      862.5          8.6881        6.9230         1.7651125           -0.00551
   5      887.5          8.6835        6.9356         1.7479373           -0.00580
   4      912.5          8.6786        6.9477         1.7308592           -0.00576
   3      937.5          8.6736        6.9590         1.7145746           -0.00550
   2      962.5          8.6692        6.9689         1.7002555           -0.00483
   1      987.5          8.6659        6.9770         1.6888965           -0.00383
   0     1014.7          8.6634        6.9842         1.6792586           -0.00299

 Wavenumbers: 1180.0 - 1390.0 cm-1, ATM      1
 LEVEL    PRESSURE   UPWARD FLUX   DOWNWARD FLUX    NET FLUX       HEATING RATE
             mb          W/m2          W/m2           W/m2          degree/day
  31       15.00            NaN        0.0000               NaN            0.00000
  30       25.00         6.7008        0.0392         6.6616333                NaN
  29       40.00         6.7018        0.0755         6.6263579           -0.01985
  28       60.00         6.7078        0.1166         6.5911327           -0.01486
  27       85.00         6.7178        0.1672         6.5506339           -0.01367
  26      112.5          6.7410        0.2410         6.4999194           -0.01556
  25      137.5          6.7612        0.3039         6.4573207           -0.01438
  24      162.5          6.7820        0.3618         6.4202050           -0.01253
  23      187.5          6.8061        0.4135         6.3926891           -0.00929
  22      212.5          6.8369        0.4593         6.3776686           -0.00507
  21      237.5          6.8782        0.4997         6.3784994            0.00028
  20      275.0          6.9588        0.5572         6.4015795            0.00519
  19      325.0          7.0961        0.6542         6.4419052            0.00681
  18      375.0          7.2491        0.8021         6.4469306            0.00085
  17      425.0          7.4022        1.0168         6.3853271           -0.01040
  16      475.0          7.5345        1.3073         6.2271980           -0.02669
  15      525.0          7.6136        1.6825         5.9311631           -0.04997
  14      575.0         10.8922        8.5908         2.3013753           -0.61265
  13      625.0         11.1602        8.6992         2.4609348            0.02693
  12      675.0         11.4030        8.9310         2.4720763            0.00188
  11      725.0         11.6022        9.2420         2.3602173           -0.01888
  10      762.5         11.6951        9.5212         2.1738873           -0.04193
   9      787.5         11.7402        9.6971         2.0430472           -0.04417
   8      812.5         11.7612        9.8764         1.8847509           -0.05344
   7      837.5         11.7547       10.0468         1.7079292           -0.05969
   6      862.5         11.7251       10.1991         1.5259907           -0.06142
   5      887.5         11.6698       10.3324         1.3374024           -0.06366
   4      912.5         11.5939       10.4380         1.1558914           -0.06127
   3      937.5         11.4990       10.5130         0.9859746           -0.05736
   2      962.5         11.3968       10.5494         0.8473860           -0.04678
   1      987.5         11.3097       10.5474         0.7623390           -0.02871
   0     1014.7         11.2114       10.5094         0.7019060           -0.01876

 Wavenumbers: 1390.0 - 1480.0 cm-1, ATM      1
 LEVEL    PRESSURE   UPWARD FLUX   DOWNWARD FLUX    NET FLUX       HEATING RATE
             mb          W/m2          W/m2           W/m2          degree/day
  31       15.00            NaN        0.0000               NaN            0.00000
  30       25.00         1.4284        0.0126         1.4157003                NaN
  29       40.00         1.4284        0.0216         1.4068186           -0.00500
  28       60.00         1.4296        0.0291         1.4005058           -0.00266
  27       85.00         1.4313        0.0361         1.3952060           -0.00179
  26      112.5          1.4325        0.0429         1.3896310           -0.00171
  25      137.5          1.4333        0.0485         1.3848009           -0.00163
  24      162.5          1.4338        0.0538         1.3800007           -0.00162
  23      187.5          1.4346        0.0594         1.3751949           -0.00162
  22      212.5          1.4365        0.0665         1.3699858           -0.00176
  21      237.5          1.4410        0.0754         1.3655978           -0.00148
  20      275.0          1.4539        0.0936         1.3603385           -0.00118
  19      325.0          1.4890        0.1427         1.3462200           -0.00238
  18      375.0          1.5490        0.2373         1.3116207           -0.00584
  17      425.0          1.6346        0.3917         1.2429060           -0.01160
  16      475.0          1.7338        0.6149         1.1189078           -0.02093
  15      525.0          1.8159        0.9196         0.8963121           -0.03757
  14      575.0          2.3799        2.0807         0.2992141           -0.10078
  13      625.0          2.5659        2.1921         0.3738326            0.01259
  12      675.0          2.7524        2.3894         0.3630092           -0.00183
  11      725.0          2.9272        2.6189         0.3082771           -0.00924
  10      762.5          3.0292        2.8016         0.2276370           -0.01815
   9      787.5          3.0900        2.9002         0.1898075           -0.01277
   8      812.5          3.1377        2.9934         0.1442575           -0.01538
   7      837.5          3.1656        3.0695         0.0961180           -0.01625
   6      862.5          3.1765        3.1237         0.0527665           -0.01463
   5      887.5          3.1659        3.1579         0.0080706           -0.01509
   4      912.5          3.1349        3.1676        -0.0326819           -0.01376
   3      937.5          3.0791        3.1525        -0.0733720           -0.01374
   2      962.5          3.0028        3.1075        -0.1047342           -0.01059
   1      987.5          2.9294        3.0409        -0.1114632           -0.00227
   0     1014.7          2.8074        2.9342        -0.1267925           -0.00476

 Wavenumbers: 1480.0 - 1800.0 cm-1, ATM      1
 LEVEL    PRESSURE   UPWARD FLUX   DOWNWARD FLUX    NET FLUX       HEATING RATE
             mb          W/m2          W/m2           W/m2          degree/day
  31       15.00            NaN        0.0000               NaN            0.00000
  30       25.00         1.8401        0.0330         1.8071351                NaN
  29       40.00         1.8402        0.0514         1.7887742           -0.01033
  28       60.00         1.8440        0.0680         1.7759771           -0.00540
  27       85.00         1.8517        0.0858         1.7658692           -0.00341
  26      112.5          1.8564        0.1087         1.7476851           -0.00558
  25      137.5          1.8598        0.1283         1.7314939           -0.00547
  24      162.5          1.8626        0.1486         1.7140356           -0.00589
  23      187.5          1.8663        0.1716         1.6946872           -0.00653
  22      212.5          1.8729        0.2018         1.6710952           -0.00796
  21      237.5          1.8874        0.2381         1.6492344           -0.00738
  20      275.0          1.9283        0.2991         1.6291849           -0.00451
  19      325.0          2.0360        0.4306         1.6054512           -0.00401
  18      375.0          2.2136        0.6747         1.5389638           -0.01122
  17      425.0          2.4609        1.0699         1.3909642           -0.02498
  16      475.0          2.7484        1.5987         1.1496576           -0.04073
  15      525.0          2.9993        2.2299         0.7694208           -0.06418
  14      575.0          3.7679        3.4945         0.2734448           -0.08371
  13      625.0          4.1949        3.8142         0.3807689            0.01811
  12      675.0          4.6184        4.2787         0.3397234           -0.00693
  11      725.0          5.0161        4.7450         0.2711128           -0.01158
  10      762.5          5.2560        5.0806         0.1754300           -0.02153
   9      787.5          5.4001        5.2508         0.1492804           -0.00883
   8      812.5          5.5196        5.4093         0.1102814           -0.01316
   7      837.5          5.5972        5.5289         0.0682643           -0.01418
   6      862.5          5.6401        5.6050         0.0351062           -0.01119
   5      887.5          5.6392        5.6414        -0.0022039           -0.01259
   4      912.5          5.5959        5.6305        -0.0346425           -0.01095
   3      937.5          5.4976        5.5700        -0.0723354           -0.01272
   2      962.5          5.3460        5.4493        -0.1032507           -0.01044
   1      987.5          5.1952        5.2965        -0.1013180            0.00065
   0     1014.7          4.8893        5.0266        -0.1372937           -0.01117

 Wavenumbers: 1800.0 - 2080.0 cm-1, ATM      1
 LEVEL    PRESSURE   UPWARD FLUX   DOWNWARD FLUX    NET FLUX       HEATING RATE
             mb          W/m2          W/m2           W/m2          degree/day
  31       15.00            NaN        0.0000               NaN            0.00000
  30       25.00         0.6301        0.0000         0.6301005                NaN
  29       40.00         0.6301        0.0000         0.6301005            0.00000
  28       60.00         0.6301        0.0000         0.6301005            0.00000
  27       85.00         0.6301        0.0000         0.6301005            0.00000
  26      112.5          0.6308        0.0022         0.6285956           -0.00046
  25      137.5          0.6314        0.0035         0.6278794           -0.00024
  24      162.5          0.6322        0.0049         0.6273194           -0.00019
  23      187.5          0.6332        0.0063         0.6268898           -0.00015
  22      212.5          0.6345        0.0079         0.6265782           -0.00011
  21      237.5          0.6364        0.0096         0.6267270            0.00005
  20      275.0          0.6403        0.0122         0.6280357            0.00029
  19      325.0          0.6485        0.0178         0.6307381            0.00046
  18      375.0          0.6612        0.0293         0.6318787            0.00019
  17      425.0          0.6783        0.0512         0.6271519           -0.00080
  16      475.0          0.6977        0.0860         0.6117124           -0.00261
  15      525.0          0.7132        0.1388         0.5744193           -0.00629
  14      575.0          1.2086        0.8543         0.3543414           -0.03715
  13      625.0          1.2583        0.8771         0.3811498            0.00452
  12      675.0          1.3085        0.9248         0.3837132            0.00043
  11      725.0          1.3543        0.9896         0.3646637           -0.00322
  10      762.5          1.3786        1.0484         0.3302306           -0.00775
   9      787.5          1.3918        1.0848         0.3069823           -0.00785
   8      812.5          1.4000        1.1223         0.2776811           -0.00989
   7      837.5          1.4018        1.1576         0.2441472           -0.01132
   6      862.5          1.3980        1.1885         0.2095105           -0.01169
   5      887.5          1.3877        1.2146         0.1731272           -0.01228
   4      912.5          1.3719        1.2338         0.1381053           -0.01182
   3      937.5          1.3504        1.2454         0.1049976           -0.01118
   2      962.5          1.3256        1.2473         0.0782903           -0.00902
   1      987.5          1.3037        1.2406         0.0631514           -0.00511
   0     1014.7          1.2749        1.2239         0.0509371           -0.00379

 Wavenumbers: 2080.0 - 2250.0 cm-1, ATM      1
 LEVEL    PRESSURE   UPWARD FLUX   DOWNWARD FLUX    NET FLUX       HEATING RATE
             mb          W/m2          W/m2           W/m2          degree/day
  31       15.00            NaN        0.0000               NaN            0.00000
  30       25.00         0.1149        0.0004         0.1144412                NaN
  29       40.00         0.1153        0.0010         0.1143152           -0.00007
  28       60.00         0.1159        0.0016         0.1142984           -0.00001
  27       85.00         0.1163        0.0021         0.1142831           -0.00001
  26      112.5          0.1173        0.0042         0.1130807           -0.00037
  25      137.5          0.1181        0.0057         0.1124347           -0.00022
  24      162.5          0.1189        0.0069         0.1120274           -0.00014
  23      187.5          0.1199        0.0079         0.1119947           -0.00001
  22      212.5          0.1210        0.0086         0.1124151            0.00014
  21      237.5          0.1225        0.0091         0.1133775            0.00032
  20      275.0          0.1254        0.0097         0.1156092            0.00050
  19      325.0          0.1304        0.0112         0.1191818            0.00060
  18      375.0          0.1362        0.0141         0.1221621            0.00050
  17      425.0          0.1423        0.0187         0.1235911            0.00024
  16      475.0          0.1476        0.0253         0.1223338           -0.00021
  15      525.0          0.1503        0.0338         0.1165488           -0.00098
  14      575.0          0.2785        0.1843         0.0942089           -0.00377
  13      625.0          0.2882        0.1874         0.1007530            0.00110
  12      675.0          0.2966        0.1945         0.1021656            0.00024
  11      725.0          0.3032        0.2038         0.0994276           -0.00046
  10      762.5          0.3060        0.2121         0.0939159           -0.00124
   9      787.5          0.3072        0.2173         0.0898942           -0.00136
   8      812.5          0.3075        0.2227         0.0848783           -0.00169
   7      837.5          0.3070        0.2279         0.0790924           -0.00195
   6      862.5          0.3057        0.2327         0.0729657           -0.00207
   5      887.5          0.3036        0.2370         0.0665284           -0.00217
   4      912.5          0.3008        0.2406         0.0602149           -0.00213
   3      937.5          0.2977        0.2434         0.0542841           -0.00200
   2      962.5          0.2944        0.2450         0.0494147           -0.00164
   1      987.5          0.2918        0.2454         0.0463532           -0.00103
   0     1014.7          0.2892        0.2450         0.0442244           -0.00066

 Wavenumbers: 2250.0 - 2380.0 cm-1, ATM      1
 LEVEL    PRESSURE   UPWARD FLUX   DOWNWARD FLUX    NET FLUX       HEATING RATE
             mb          W/m2          W/m2           W/m2          degree/day
  31       15.00            NaN        0.0000               NaN            0.00000
  30       25.00         0.0139        0.0135         0.0004312                NaN
  29       40.00         0.0128        0.0131        -0.0002909           -0.00041
  28       60.00         0.0126        0.0125         0.0000307            0.00014
  27       85.00         0.0132        0.0131         0.0000893            0.00002
  26      112.5          0.0140        0.0139         0.0000365           -0.00002
  25      137.5          0.0143        0.0143         0.0000105           -0.00001
  24      162.5          0.0142        0.0142        -0.0000171           -0.00001
  23      187.5          0.0138        0.0138        -0.0000275           -0.00000
  22      212.5          0.0131        0.0132        -0.0000330           -0.00000
  21      237.5          0.0127        0.0127        -0.0000097            0.00001
  20      275.0          0.0134        0.0134         0.0000377            0.00001
  19      325.0          0.0167        0.0166         0.0000850            0.00001
  18      375.0          0.0231        0.0230         0.0001180            0.00001
  17      425.0          0.0322        0.0320         0.0001412            0.00000
  16      475.0          0.0434        0.0433         0.0001547            0.00000
  15      525.0          0.0564        0.0563         0.0001413           -0.00000
  14      575.0          0.0707        0.0705         0.0001401           -0.00000
  13      625.0          0.0854        0.0853         0.0001581            0.00000
  12      675.0          0.1004        0.1003         0.0001492           -0.00000
  11      725.0          0.1146        0.1144         0.0001490           -0.00000
  10      762.5          0.1242        0.1241         0.0000900           -0.00001
   9      787.5          0.1297        0.1296         0.0000976            0.00000
   8      812.5          0.1345        0.1345         0.0000761           -0.00001
   7      837.5          0.1379        0.1378         0.0000454           -0.00001
   6      862.5          0.1399        0.1399         0.0000262           -0.00001
   5      887.5          0.1405        0.1405        -0.0000053           -0.00001
   4      912.5          0.1395        0.1395        -0.0000292           -0.00001
   3      937.5          0.1366        0.1366        -0.0000655           -0.00001
   2      962.5          0.1316        0.1317        -0.0000978           -0.00001
   1      987.5          0.1263        0.1263        -0.0000738            0.00001
   0     1014.7          0.1141        0.1142        -0.0001451           -0.00002

 Wavenumbers: 2380.0 - 2600.0 cm-1, ATM      1
 LEVEL    PRESSURE   UPWARD FLUX   DOWNWARD FLUX    NET FLUX       HEATING RATE
             mb          W/m2          W/m2           W/m2          degree/day
  31       15.00            NaN        0.0000               NaN            0.00000
  30       25.00         0.0372        0.0000         0.0371715                NaN
  29       40.00         0.0372        0.0000         0.0371715            0.00000
  28       60.00         0.0372        0.0000         0.0371715            0.00000
  27       85.00         0.0372        0.0000         0.0371715            0.00000
  26      112.5          0.0373        0.0008         0.0365507           -0.00019
  25      137.5          0.0374        0.0009         0.0365562            0.00000
  24      162.5          0.0375        0.0009         0.0366152            0.00002
  23      187.5          0.0377        0.0010         0.0367037            0.00003
  22      212.5          0.0378        0.0010         0.0368182            0.00004
  21      237.5          0.0380        0.0010         0.0369822            0.00006
  20      275.0          0.0384        0.0011         0.0372839            0.00007
  19      325.0          0.0391        0.0014         0.0377010            0.00007
  18      375.0          0.0400        0.0020         0.0380162            0.00005
  17      425.0          0.0410        0.0029         0.0381245            0.00002
  16      475.0          0.0421        0.0042         0.0379052           -0.00004
  15      525.0          0.0430        0.0059         0.0371536           -0.00013
  14      575.0          0.0892        0.0542         0.0350661           -0.00035
  13      625.0          0.0911        0.0553         0.0358120            0.00013
  12      675.0          0.0927        0.0568         0.0358487            0.00001
  11      725.0          0.0939        0.0587         0.0352164           -0.00011
  10      762.5          0.0945        0.0603         0.0341532           -0.00024
   9      787.5          0.0948        0.0614         0.0333460           -0.00027
   8      812.5          0.0949        0.0625         0.0323447           -0.00034
   7      837.5          0.0948        0.0636         0.0311991           -0.00039
   6      862.5          0.0946        0.0647         0.0299767           -0.00041
   5      887.5          0.0943        0.0656         0.0286732           -0.00044
   4      912.5          0.0938        0.0665         0.0273659           -0.00044
   3      937.5          0.0933        0.0672         0.0260718           -0.00044
   2      962.5          0.0926        0.0677         0.0248843           -0.00040
   1      987.5          0.0920        0.0680         0.0239508           -0.00032
   0     1014.7          0.0910        0.0680         0.0229542           -0.00031

 Wavenumbers: 2600.0 - 3250.0 cm-1, ATM      1
 LEVEL    PRESSURE   UPWARD FLUX   DOWNWARD FLUX    NET FLUX       HEATING RATE
             mb          W/m2          W/m2           W/m2          degree/day
  31       15.00            NaN        0.0000               NaN            0.00000
  30       25.00         0.0187        0.0000         0.0186372                NaN
  29       40.00         0.0187        0.0001         0.0186435            0.00000
  28       60.00         0.0188        0.0001         0.0186702            0.00001
  27       85.00         0.0189        0.0002         0.0187099            0.00001
  26      112.5          0.0190        0.0003         0.0187447            0.00001
  25      137.5          0.0191        0.0003         0.0187803            0.00001
  24      162.5          0.0192        0.0004         0.0188251            0.00002
  23      187.5          0.0194        0.0005         0.0188869            0.00002
  22      212.5          0.0195        0.0005         0.0189709            0.00003
  21      237.5          0.0196        0.0006         0.0190811            0.00004
  20      275.0          0.0199        0.0006         0.0192811            0.00005
  19      325.0          0.0203        0.0007         0.0195679            0.00005
  18      375.0          0.0207        0.0008         0.0198056            0.00004
  17      425.0          0.0210        0.0011         0.0199398            0.00002
  16      475.0          0.0213        0.0015         0.0198428           -0.00002
  15      525.0          0.0215        0.0021         0.0193620           -0.00008
  14      575.0          0.0493        0.0279         0.0214586            0.00035
  13      625.0          0.0503        0.0281         0.0222877            0.00014
  12      675.0          0.0513        0.0287         0.0225945            0.00005
  11      725.0          0.0521        0.0298         0.0222935           -0.00005
  10      762.5          0.0524        0.0308         0.0215442           -0.00017
   9      787.5          0.0525        0.0316         0.0209347           -0.00021
   8      812.5          0.0525        0.0323         0.0201700           -0.00026
   7      837.5          0.0524        0.0331         0.0192853           -0.00030
   6      862.5          0.0522        0.0338         0.0183433           -0.00032
   5      887.5          0.0518        0.0344         0.0173657           -0.00033
   4      912.5          0.0514        0.0350         0.0164290           -0.00032
   3      937.5          0.0509        0.0353         0.0155842           -0.00029
   2      962.5          0.0505        0.0355         0.0149336           -0.00022
   1      987.5          0.0501        0.0356         0.0145704           -0.00012
   0     1014.7          0.0499        0.0355         0.0143850           -0.00006

  Modules and versions used in this calculation:

       rrtmg_lw.1col.f90:  $Revision$                    rrtmg_lw_init.f90:  $Revision$        
     rrtmglw_cldprop.f90:  $Revision$                  rrtmglw_cldprmc.f90:  NOT USED          
       rrtmg_lw_rtrn.f90:  NOT USED                    rrtmg_lw_rtrnmr.f90:  $Revision$        
     rrtmg_lw_rtrnmc.f90:  NOT USED                    rrtmglw_setcoef.f90:  $Revision$        
     rrtmg_lw_taumol.f90:  $Revision$                             rrtatm.f:  NOT USED          
              util_xxx.f:  NOT USED                                extra.f:  NOT USED          
        rrtmg_lw_k_g.f90:  $Revision$        
